   0
 101
  4.90
  0.10
 33.80  33.76  33.45  33.41
  4.90  42.70 -13.26 -13.26 -13.26 -13.26
  5.00  42.60 -12.37 -12.37 -12.37 -12.37
  5.10  42.50 -11.52 -11.52 -11.52 -11.52
  5.20  42.40 -10.71 -10.71 -10.71 -10.71
  5.30  42.30  -9.96  -9.96  -9.96  -9.96
  5.40  42.20  -9.24  -9.24  -9.24  -9.24
  5.50  42.10  -8.56  -8.56  -8.56  -8.56
  5.60  42.00  -7.93  -7.93  -7.93  -7.93
  5.70  41.90  -7.33  -7.33  -7.33  -7.33
  5.80  41.80  -6.76  -6.76  -6.76  -6.76
  5.90  41.70  -6.24  -6.24  -6.24  -6.24
  6.00  41.60  -5.74  -5.74  -5.74  -5.74
  6.10  41.50  -5.28  -5.28  -5.28  -5.28
  6.20  41.40  -4.84  -4.84  -4.84  -4.84
  6.30  41.30  -4.43  -4.43  -4.43  -4.43
  6.40  41.20  -4.06  -4.06  -4.06  -4.06
  6.50  41.10  -3.70  -3.70  -3.70  -3.70
  6.60  41.00  -3.37  -3.37  -3.37  -3.37
  6.70  40.90  -3.07  -3.07  -3.07  -3.07
  6.80  40.80  -2.78  -2.78  -2.78  -2.78
  6.90  40.70  -2.52  -2.52  -2.52  -2.52
  7.00  40.60  -2.28  -2.28  -2.28  -2.28
  7.10  40.50  -2.05  -2.05  -2.05  -2.05
  7.20  40.40  -1.85  -1.85  -1.85  -1.85
  7.30  40.30  -1.66  -1.66  -1.66  -1.66
  7.40  40.20  -1.48  -1.48  -1.48  -1.48
  7.50  40.10  -1.32  -1.32  -1.32  -1.32
  7.60  40.00  -1.17  -1.17  -1.17  -1.17
  7.70  39.90  -1.04  -1.04  -1.04  -1.04
  7.80  39.80  -0.92  -0.92  -0.92  -0.92
  7.90  39.70  -0.81  -0.81  -0.81  -0.81
  8.00  39.60  -0.70  -0.70  -0.70  -0.70
  8.10  39.50  -0.61  -0.61  -0.61  -0.61
  8.20  39.40  -0.53  -0.53  -0.53  -0.53
  8.30  39.30  -0.46  -0.46  -0.46  -0.46
  8.40  39.20  -0.39  -0.39  -0.39  -0.39
  8.50  39.10  -0.33  -0.33  -0.33  -0.33
  8.60  39.00  -0.28  -0.28  -0.28  -0.28
  8.70  38.90  -0.23  -0.23  -0.23  -0.23
  8.80  38.80  -0.19  -0.19  -0.19  -0.19
  8.90  38.70  -0.15  -0.15  -0.15  -0.15
  9.00  38.60  -0.12  -0.12  -0.12  -0.12
  9.10  38.50  -0.09  -0.09  -0.09  -0.09
  9.20  38.40  -0.07  -0.07  -0.07  -0.07
  9.30  38.30  -0.05  -0.05  -0.05  -0.05
  9.40  38.20  -0.03  -0.03  -0.03  -0.03
  9.50  38.10  -0.02  -0.02  -0.02  -0.02
  9.60  38.00  -0.01  -0.01  -0.01  -0.01
  9.70  37.90  -0.00  -0.00  -0.00  -0.00
  9.80  37.80  -0.00  -0.00  -0.00  -0.00
  9.90  37.70  -0.00  -0.00  -0.00  -0.00
 10.00  37.60  -0.00  -0.00  -0.00  -0.00
 10.10  37.50  -0.01  -0.01  -0.01  -0.01
 10.20  37.40  -0.02  -0.02  -0.02  -0.02
 10.30  37.30  -0.03  -0.03  -0.03  -0.03
 10.40  37.20  -0.05  -0.05  -0.05  -0.05
 10.50  37.10  -0.07  -0.07  -0.07  -0.07
 10.60  37.00  -0.09  -0.09  -0.09  -0.09
 10.70  36.90  -0.12  -0.12  -0.12  -0.12
 10.80  36.80  -0.15  -0.15  -0.15  -0.15
 10.90  36.70  -0.19  -0.19  -0.19  -0.19
 11.00  36.60  -0.23  -0.23  -0.23  -0.23
 11.10  36.50  -0.27  -0.27  -0.27  -0.27
 11.20  36.40  -0.33  -0.33  -0.33  -0.33
 11.30  36.30  -0.39  -0.39  -0.39  -0.39
 11.40  36.20  -0.45  -0.45  -0.45  -0.45
 11.50  36.10  -0.53  -0.53  -0.53  -0.53
 11.60  36.00  -0.61  -0.61  -0.61  -0.61
 11.70  35.90  -0.70  -0.70  -0.70  -0.70
 11.80  35.80  -0.80  -0.80  -0.80  -0.80
 11.90  35.70  -0.92  -0.92  -0.92  -0.92
 12.00  35.60  -1.04  -1.04  -1.04  -1.04
 12.10  35.50  -1.17  -1.17  -1.17  -1.17
 12.20  35.40  -1.32  -1.32  -1.32  -1.32
 12.30  35.30  -1.48  -1.48  -1.48  -1.48
 12.40  35.20  -1.65  -1.65  -1.65  -1.65
 12.50  35.10  -1.84  -1.84  -1.84  -1.84
 12.60  35.00  -2.05  -2.05  -2.05  -2.05
 12.70  34.90  -2.28  -2.28  -2.28  -2.28
 12.80  34.80  -2.52  -2.52  -2.52  -2.52
 12.90  34.70  -2.78  -2.78  -2.78  -2.78
 13.00  34.60  -3.06  -3.06  -3.06  -3.06
 13.10  34.50  -3.37  -3.37  -3.37  -3.37
 13.20  34.40  -3.70  -3.70  -3.70  -3.70
 13.30  34.30  -4.05  -4.05  -4.05  -4.05
 13.40  34.20  -4.43  -4.43  -4.43  -4.43
 13.50  34.10  -4.84  -4.84  -4.84  -4.84
 13.60  34.00  -5.27  -5.27  -5.27  -5.27
 13.70  33.90  -5.73  -5.73  -5.73  -5.73
 13.80  33.80  -6.23  -6.23  -6.23  -6.23
 13.90  33.70  -6.76  -6.76  -6.76  -6.76
 14.00  33.60  -7.32  -7.32  -7.32  -7.32
 14.10  33.50  -7.92  -7.92  -7.92  -7.92
 14.20  33.40  -8.55  -8.55  -8.55  -8.55
 14.30  33.30  -9.23  -9.23  -9.23  -9.23
 14.40  33.20  -9.95  -9.95  -9.95  -9.95
 14.50  33.10 -10.70 -10.70 -10.70 -10.70
 14.60  33.00 -11.51 -11.51 -11.51 -11.51
 14.70  32.90 -12.36 -12.36 -12.36 -12.36
 14.80  32.80 -13.25 -13.25 -13.25 -13.25
 14.90  32.70 -14.20 -14.20 -14.20 -14.20
 
   1
  99
  9.10
  0.10
 34.36  34.87  34.46  34.97
  9.10  38.50  -9.08  -9.17  -8.87  -8.96
  9.20  38.40  -8.65  -8.74  -8.45  -8.53
  9.30  38.30  -8.24  -8.32  -8.04  -8.12
  9.40  38.20  -7.85  -7.91  -7.65  -7.72
  9.50  38.10  -7.46  -7.52  -7.28  -7.33
  9.60  38.00  -7.09  -7.14  -6.91  -6.96
  9.70  37.90  -6.74  -6.78  -6.56  -6.60
  9.80  37.80  -6.39  -6.43  -6.22  -6.26
  9.90  37.70  -6.06  -6.09  -5.90  -5.93
 10.00  37.60  -5.74  -5.77  -5.58  -5.61
 10.10  37.50  -5.43  -5.45  -5.28  -5.30
 10.20  37.40  -5.14  -5.15  -4.99  -5.00
 10.30  37.30  -4.85  -4.86  -4.71  -4.72
 10.40  37.20  -4.58  -4.58  -4.44  -4.45
 10.50  37.10  -4.31  -4.32  -4.18  -4.19
 10.60  37.00  -4.06  -4.06  -3.93  -3.93
 10.70  36.90  -3.81  -3.81  -3.69  -3.69
 10.80  36.80  -3.58  -3.57  -3.46  -3.46
 10.90  36.70  -3.35  -3.35  -3.24  -3.24
 11.00  36.60  -3.14  -3.13  -3.03  -3.02
 11.10  36.50  -2.93  -2.92  -2.83  -2.82
 11.20  36.40  -2.73  -2.72  -2.64  -2.63
 11.30  36.30  -2.54  -2.53  -2.45  -2.44
 11.40  36.20  -2.36  -2.34  -2.27  -2.26
 11.50  36.10  -2.18  -2.17  -2.11  -2.09
 11.60  36.00  -2.01  -2.00  -1.94  -1.93
 11.70  35.90  -1.86  -1.84  -1.79  -1.78
 11.80  35.80  -1.70  -1.69  -1.64  -1.63
 11.90  35.70  -1.56  -1.55  -1.50  -1.49
 12.00  35.60  -1.42  -1.41  -1.37  -1.36
 12.10  35.50  -1.29  -1.28  -1.25  -1.23
 12.20  35.40  -1.17  -1.16  -1.13  -1.11
 12.30  35.30  -1.05  -1.04  -1.02  -1.00
 12.40  35.20  -0.94  -0.93  -0.91  -0.90
 12.50  35.10  -0.84  -0.83  -0.81  -0.80
 12.60  35.00  -0.74  -0.73  -0.72  -0.71
 12.70  34.90  -0.65  -0.64  -0.63  -0.62
 12.80  34.80  -0.57  -0.56  -0.55  -0.54
 12.90  34.70  -0.49  -0.48  -0.48  -0.47
 13.00  34.60  -0.42  -0.41  -0.41  -0.40
 13.10  34.50  -0.36  -0.35  -0.35  -0.34
 13.20  34.40  -0.30  -0.29  -0.29  -0.29
 13.30  34.30  -0.25  -0.24  -0.25  -0.24
 13.40  34.20  -0.20  -0.19  -0.20  -0.20
 13.50  34.10  -0.16  -0.15  -0.16  -0.16
 13.60  34.00  -0.12  -0.12  -0.13  -0.13
 13.70  33.90  -0.10  -0.09  -0.11  -0.10
 13.80  33.80  -0.07  -0.07  -0.09  -0.08
 13.90  33.70  -0.06  -0.06  -0.07  -0.07
 14.00  33.60  -0.05  -0.05  -0.07  -0.06
 14.10  33.50  -0.04  -0.04  -0.06  -0.06
 14.20  33.40  -0.05  -0.05  -0.07  -0.07
 14.30  33.30  -0.06  -0.06  -0.08  -0.08
 14.40  33.20  -0.07  -0.07  -0.10  -0.10
 14.50  33.10  -0.10  -0.09  -0.12  -0.12
 14.60  33.00  -0.12  -0.12  -0.15  -0.15
 14.70  32.90  -0.16  -0.16  -0.19  -0.19
 14.80  32.80  -0.20  -0.20  -0.23  -0.23
 14.90  32.70  -0.25  -0.25  -0.29  -0.28
 15.00  32.60  -0.31  -0.31  -0.34  -0.34
 15.10  32.50  -0.37  -0.37  -0.41  -0.41
 15.20  32.40  -0.44  -0.44  -0.48  -0.48
 15.30  32.30  -0.52  -0.52  -0.56  -0.56
 15.40  32.20  -0.61  -0.61  -0.65  -0.65
 15.50  32.10  -0.70  -0.70  -0.75  -0.74
 15.60  32.00  -0.81  -0.80  -0.85  -0.84
 15.70  31.90  -0.92  -0.91  -0.96  -0.96
 15.80  31.80  -1.04  -1.03  -1.08  -1.08
 15.90  31.70  -1.17  -1.16  -1.21  -1.20
 16.00  31.60  -1.31  -1.29  -1.35  -1.34
 16.10  31.50  -1.45  -1.44  -1.50  -1.49
 16.20  31.40  -1.61  -1.59  -1.66  -1.65
 16.30  31.30  -1.77  -1.76  -1.83  -1.81
 16.40  31.20  -1.95  -1.93  -2.01  -1.99
 16.50  31.10  -2.14  -2.12  -2.19  -2.17
 16.60  31.00  -2.33  -2.31  -2.39  -2.37
 16.70  30.90  -2.54  -2.52  -2.60  -2.58
 16.80  30.80  -2.76  -2.74  -2.82  -2.80
 16.90  30.70  -2.99  -2.96  -3.06  -3.03
 17.00  30.60  -3.23  -3.20  -3.30  -3.27
 17.10  30.50  -3.49  -3.46  -3.56  -3.53
 17.20  30.40  -3.76  -3.72  -3.83  -3.79
 17.30  30.30  -4.04  -4.00  -4.11  -4.07
 17.40  30.20  -4.33  -4.29  -4.41  -4.37
 17.50  30.10  -4.64  -4.59  -4.72  -4.68
 17.60  30.00  -4.96  -4.91  -5.04  -5.00
 17.70  29.90  -5.29  -5.24  -5.38  -5.33
 17.80  29.80  -5.64  -5.59  -5.74  -5.69
 17.90  29.70  -6.01  -5.95  -6.11  -6.05
 18.00  29.60  -6.39  -6.33  -6.49  -6.44
 18.10  29.50  -6.78  -6.73  -6.89  -6.84
 18.20  29.40  -7.20  -7.14  -7.31  -7.25
 18.30  29.30  -7.63  -7.56  -7.75  -7.69
 18.40  29.20  -8.07  -8.01  -8.20  -8.14
 18.50  29.10  -8.54  -8.47  -8.67  -8.61
 18.60  29.00  -9.02  -8.95  -9.17  -9.10
 18.70  28.90  -9.52  -9.45  -9.68  -9.61
 18.80  28.80 -10.04  -9.97 -10.21 -10.13
 18.90  28.70 -10.58 -10.51 -10.76 -10.68
 
   2
  93
 13.40
  0.10
 34.75  35.41  34.84  35.50
 13.40  34.20  -8.69  -8.74  -8.49  -8.53
 13.50  34.10  -8.26  -8.30  -8.06  -8.11
 13.60  34.00  -7.84  -7.88  -7.66  -7.70
 13.70  33.90  -7.43  -7.47  -7.26  -7.30
 13.80  33.80  -7.04  -7.08  -6.88  -6.92
 13.90  33.70  -6.67  -6.70  -6.52  -6.55
 14.00  33.60  -6.31  -6.34  -6.17  -6.20
 14.10  33.50  -5.96  -5.99  -5.83  -5.86
 14.20  33.40  -5.63  -5.66  -5.50  -5.53
 14.30  33.30  -5.30  -5.33  -5.19  -5.22
 14.40  33.20  -5.00  -5.02  -4.89  -4.92
 14.50  33.10  -4.70  -4.73  -4.60  -4.63
 14.60  33.00  -4.41  -4.44  -4.32  -4.35
 14.70  32.90  -4.14  -4.17  -4.06  -4.08
 14.80  32.80  -3.88  -3.90  -3.80  -3.82
 14.90  32.70  -3.62  -3.65  -3.55  -3.58
 15.00  32.60  -3.38  -3.41  -3.32  -3.34
 15.10  32.50  -3.15  -3.18  -3.09  -3.12
 15.20  32.40  -2.93  -2.95  -2.88  -2.90
 15.30  32.30  -2.72  -2.74  -2.67  -2.69
 15.40  32.20  -2.52  -2.54  -2.48  -2.50
 15.50  32.10  -2.32  -2.35  -2.29  -2.31
 15.60  32.00  -2.14  -2.16  -2.11  -2.13
 15.70  31.90  -1.97  -1.99  -1.94  -1.96
 15.80  31.80  -1.80  -1.82  -1.78  -1.79
 15.90  31.70  -1.64  -1.66  -1.62  -1.64
 16.00  31.60  -1.49  -1.51  -1.47  -1.49
 16.10  31.50  -1.35  -1.37  -1.34  -1.35
 16.20  31.40  -1.22  -1.23  -1.21  -1.22
 16.30  31.30  -1.09  -1.11  -1.08  -1.10
 16.40  31.20  -0.97  -0.99  -0.97  -0.98
 16.50  31.10  -0.86  -0.88  -0.86  -0.87
 16.60  31.00  -0.76  -0.77  -0.76  -0.77
 16.70  30.90  -0.66  -0.68  -0.66  -0.68
 16.80  30.80  -0.57  -0.59  -0.57  -0.59
 16.90  30.70  -0.49  -0.50  -0.49  -0.51
 17.00  30.60  -0.41  -0.43  -0.42  -0.43
 17.10  30.50  -0.35  -0.36  -0.35  -0.37
 17.20  30.40  -0.28  -0.30  -0.29  -0.31
 17.30  30.30  -0.23  -0.24  -0.24  -0.25
 17.40  30.20  -0.18  -0.19  -0.19  -0.20
 17.50  30.10  -0.14  -0.15  -0.15  -0.16
 17.60  30.00  -0.11  -0.12  -0.12  -0.13
 17.70  29.90  -0.08  -0.09  -0.09  -0.10
 17.80  29.80  -0.06  -0.07  -0.07  -0.08
 17.90  29.70  -0.04  -0.05  -0.05  -0.06
 18.00  29.60  -0.04  -0.04  -0.05  -0.05
 18.10  29.50  -0.04  -0.04  -0.04  -0.05
 18.20  29.40  -0.04  -0.05  -0.05  -0.06
 18.30  29.30  -0.06  -0.06  -0.06  -0.07
 18.40  29.20  -0.08  -0.08  -0.08  -0.09
 18.50  29.10  -0.10  -0.11  -0.11  -0.11
 18.60  29.00  -0.14  -0.14  -0.14  -0.14
 18.70  28.90  -0.18  -0.18  -0.18  -0.18
 18.80  28.80  -0.23  -0.23  -0.23  -0.23
 18.90  28.70  -0.29  -0.29  -0.29  -0.29
 19.00  28.60  -0.35  -0.35  -0.35  -0.35
 19.10  28.50  -0.43  -0.42  -0.42  -0.42
 19.20  28.40  -0.51  -0.50  -0.50  -0.49
 19.30  28.30  -0.60  -0.59  -0.59  -0.58
 19.40  28.20  -0.69  -0.68  -0.69  -0.67
 19.50  28.10  -0.80  -0.79  -0.79  -0.78
 19.60  28.00  -0.92  -0.90  -0.90  -0.89
 19.70  27.90  -1.04  -1.02  -1.02  -1.01
 19.80  27.80  -1.17  -1.15  -1.16  -1.13
 19.90  27.70  -1.32  -1.29  -1.30  -1.27
 20.00  27.60  -1.47  -1.44  -1.45  -1.42
 20.10  27.50  -1.63  -1.60  -1.61  -1.58
 20.20  27.40  -1.81  -1.77  -1.78  -1.74
 20.30  27.30  -1.99  -1.95  -1.96  -1.92
 20.40  27.20  -2.19  -2.14  -2.15  -2.11
 20.50  27.10  -2.39  -2.35  -2.35  -2.31
 20.60  27.00  -2.61  -2.56  -2.57  -2.52
 20.70  26.90  -2.84  -2.79  -2.79  -2.74
 20.80  26.80  -3.08  -3.02  -3.03  -2.98
 20.90  26.70  -3.33  -3.27  -3.28  -3.22
 21.00  26.60  -3.60  -3.53  -3.55  -3.48
 21.10  26.50  -3.88  -3.81  -3.82  -3.75
 21.20  26.40  -4.17  -4.10  -4.11  -4.04
 21.30  26.30  -4.48  -4.40  -4.42  -4.34
 21.40  26.20  -4.80  -4.72  -4.73  -4.65
 21.50  26.10  -5.14  -5.05  -5.07  -4.98
 21.60  26.00  -5.49  -5.39  -5.42  -5.32
 21.70  25.90  -5.86  -5.76  -5.78  -5.68
 21.80  25.80  -6.24  -6.13  -6.16  -6.05
 21.90  25.70  -6.64  -6.53  -6.56  -6.45
 22.00  25.60  -7.06  -6.94  -6.97  -6.85
 22.10  25.50  -7.49  -7.37  -7.40  -7.28
 22.20  25.40  -7.94  -7.81  -7.85  -7.72
 22.30  25.30  -8.41  -8.28  -8.32  -8.18
 22.40  25.20  -8.90  -8.76  -8.81  -8.66
 22.50  25.10  -9.41  -9.26  -9.31  -9.16
 22.60  25.00  -9.94  -9.78  -9.84  -9.68
 
   3
  89
 17.10
  0.10
 34.98  35.51  34.97  35.50
 17.10  30.50  -9.61  -9.61  -9.61  -9.61
 17.20  30.40  -9.01  -9.01  -9.01  -9.01
 17.30  30.30  -8.43  -8.43  -8.43  -8.43
 17.40  30.20  -7.89  -7.89  -7.89  -7.89
 17.50  30.10  -7.37  -7.37  -7.37  -7.37
 17.60  30.00  -6.88  -6.88  -6.88  -6.88
 17.70  29.90  -6.41  -6.41  -6.41  -6.41
 17.80  29.80  -5.97  -5.97  -5.97  -5.97
 17.90  29.70  -5.55  -5.55  -5.55  -5.55
 18.00  29.60  -5.15  -5.15  -5.15  -5.15
 18.10  29.50  -4.77  -4.77  -4.77  -4.77
 18.20  29.40  -4.41  -4.41  -4.41  -4.41
 18.30  29.30  -4.07  -4.07  -4.07  -4.07
 18.40  29.20  -3.75  -3.75  -3.75  -3.75
 18.50  29.10  -3.45  -3.45  -3.45  -3.45
 18.60  29.00  -3.17  -3.17  -3.17  -3.17
 18.70  28.90  -2.90  -2.90  -2.90  -2.90
 18.80  28.80  -2.64  -2.64  -2.64  -2.64
 18.90  28.70  -2.41  -2.41  -2.41  -2.41
 19.00  28.60  -2.18  -2.18  -2.18  -2.18
 19.10  28.50  -1.98  -1.98  -1.98  -1.98
 19.20  28.40  -1.78  -1.78  -1.78  -1.78
 19.30  28.30  -1.60  -1.60  -1.60  -1.60
 19.40  28.20  -1.43  -1.43  -1.43  -1.43
 19.50  28.10  -1.27  -1.27  -1.27  -1.27
 19.60  28.00  -1.12  -1.12  -1.12  -1.12
 19.70  27.90  -0.98  -0.98  -0.98  -0.98
 19.80  27.80  -0.86  -0.86  -0.86  -0.86
 19.90  27.70  -0.74  -0.74  -0.74  -0.74
 20.00  27.60  -0.64  -0.64  -0.64  -0.64
 20.10  27.50  -0.54  -0.54  -0.54  -0.54
 20.20  27.40  -0.45  -0.45  -0.45  -0.45
 20.30  27.30  -0.37  -0.37  -0.37  -0.37
 20.40  27.20  -0.30  -0.30  -0.30  -0.30
 20.50  27.10  -0.23  -0.23  -0.23  -0.23
 20.60  27.00  -0.18  -0.18  -0.18  -0.18
 20.70  26.90  -0.13  -0.13  -0.13  -0.13
 20.80  26.80  -0.09  -0.09  -0.09  -0.09
 20.90  26.70  -0.06  -0.06  -0.06  -0.06
 21.00  26.60  -0.03  -0.03  -0.03  -0.03
 21.10  26.50  -0.02  -0.02  -0.02  -0.02
 21.20  26.40  -0.00  -0.00  -0.00  -0.00
 21.30  26.30  -0.00  -0.00  -0.00  -0.00
 21.40  26.20  -0.00  -0.00  -0.00  -0.00
 21.50  26.10  -0.01  -0.01  -0.01  -0.01
 21.60  26.00  -0.03  -0.03  -0.03  -0.03
 21.70  25.90  -0.05  -0.05  -0.05  -0.05
 21.80  25.80  -0.09  -0.09  -0.09  -0.09
 21.90  25.70  -0.13  -0.13  -0.13  -0.13
 22.00  25.60  -0.17  -0.17  -0.17  -0.17
 22.10  25.50  -0.23  -0.23  -0.23  -0.23
 22.20  25.40  -0.29  -0.29  -0.29  -0.29
 22.30  25.30  -0.36  -0.36  -0.36  -0.36
 22.40  25.20  -0.44  -0.44  -0.44  -0.44
 22.50  25.10  -0.52  -0.52  -0.52  -0.52
 22.60  25.00  -0.62  -0.62  -0.62  -0.62
 22.70  24.90  -0.73  -0.73  -0.73  -0.73
 22.80  24.80  -0.84  -0.84  -0.84  -0.84
 22.90  24.70  -0.97  -0.97  -0.97  -0.97
 23.00  24.60  -1.10  -1.10  -1.10  -1.10
 23.10  24.50  -1.25  -1.25  -1.25  -1.25
 23.20  24.40  -1.40  -1.40  -1.40  -1.40
 23.30  24.30  -1.57  -1.57  -1.57  -1.57
 23.40  24.20  -1.75  -1.75  -1.75  -1.75
 23.50  24.10  -1.95  -1.95  -1.95  -1.95
 23.60  24.00  -2.15  -2.15  -2.15  -2.15
 23.70  23.90  -2.38  -2.38  -2.38  -2.38
 23.80  23.80  -2.61  -2.61  -2.61  -2.61
 23.90  23.70  -2.86  -2.86  -2.86  -2.86
 24.00  23.60  -3.13  -3.13  -3.13  -3.13
 24.10  23.50  -3.41  -3.41  -3.41  -3.41
 24.20  23.40  -3.71  -3.71  -3.71  -3.71
 24.30  23.30  -4.03  -4.03  -4.03  -4.03
 24.40  23.20  -4.36  -4.36  -4.36  -4.36
 24.50  23.10  -4.72  -4.72  -4.72  -4.72
 24.60  23.00  -5.09  -5.09  -5.09  -5.09
 24.70  22.90  -5.49  -5.49  -5.49  -5.49
 24.80  22.80  -5.91  -5.91  -5.91  -5.91
 24.90  22.70  -6.35  -6.35  -6.35  -6.35
 25.00  22.60  -6.81  -6.81  -6.81  -6.81
 25.10  22.50  -7.30  -7.30  -7.30  -7.30
 25.20  22.40  -7.82  -7.82  -7.82  -7.82
 25.30  22.30  -8.36  -8.36  -8.36  -8.36
 25.40  22.20  -8.93  -8.93  -8.93  -8.93
 25.50  22.10  -9.52  -9.52  -9.52  -9.52
 25.60  22.00 -10.15 -10.15 -10.15 -10.15
 25.70  21.90 -10.81 -10.81 -10.81 -10.81
 25.80  21.80 -11.50 -11.50 -11.50 -11.50
 25.90  21.70 -12.22 -12.22 -12.22 -12.22
 
   4
  83
 21.70
  0.10
 35.55  36.14  35.64  36.23
 21.70  25.90  -9.70  -9.71  -9.47  -9.49
 21.80  25.80  -9.13  -9.14  -8.91  -8.92
 21.90  25.70  -8.58  -8.59  -8.37  -8.38
 22.00  25.60  -8.06  -8.07  -7.85  -7.86
 22.10  25.50  -7.56  -7.56  -7.36  -7.37
 22.20  25.40  -7.08  -7.09  -6.89  -6.90
 22.30  25.30  -6.63  -6.63  -6.45  -6.45
 22.40  25.20  -6.19  -6.19  -6.02  -6.02
 22.50  25.10  -5.78  -5.78  -5.61  -5.61
 22.60  25.00  -5.39  -5.38  -5.23  -5.22
 22.70  24.90  -5.01  -5.01  -4.86  -4.86
 22.80  24.80  -4.66  -4.65  -4.51  -4.50
 22.90  24.70  -4.32  -4.31  -4.18  -4.17
 23.00  24.60  -4.00  -3.99  -3.86  -3.85
 23.10  24.50  -3.69  -3.68  -3.56  -3.55
 23.20  24.40  -3.40  -3.39  -3.28  -3.27
 23.30  24.30  -3.13  -3.12  -3.01  -3.00
 23.40  24.20  -2.87  -2.86  -2.76  -2.75
 23.50  24.10  -2.62  -2.61  -2.52  -2.51
 23.60  24.00  -2.39  -2.38  -2.29  -2.28
 23.70  23.90  -2.17  -2.16  -2.08  -2.07
 23.80  23.80  -1.97  -1.96  -1.88  -1.87
 23.90  23.70  -1.77  -1.76  -1.69  -1.68
 24.00  23.60  -1.59  -1.58  -1.51  -1.50
 24.10  23.50  -1.42  -1.41  -1.35  -1.34
 24.20  23.40  -1.26  -1.25  -1.19  -1.18
 24.30  23.30  -1.11  -1.11  -1.05  -1.04
 24.40  23.20  -0.98  -0.97  -0.92  -0.91
 24.50  23.10  -0.85  -0.84  -0.79  -0.79
 24.60  23.00  -0.73  -0.73  -0.68  -0.67
 24.70  22.90  -0.63  -0.62  -0.58  -0.57
 24.80  22.80  -0.53  -0.52  -0.48  -0.48
 24.90  22.70  -0.44  -0.44  -0.40  -0.40
 25.00  22.60  -0.36  -0.36  -0.33  -0.32
 25.10  22.50  -0.29  -0.29  -0.26  -0.26
 25.20  22.40  -0.23  -0.23  -0.20  -0.20
 25.30  22.30  -0.18  -0.18  -0.15  -0.15
 25.40  22.20  -0.13  -0.13  -0.11  -0.11
 25.50  22.10  -0.10  -0.10  -0.08  -0.08
 25.60  22.00  -0.07  -0.07  -0.06  -0.06
 25.70  21.90  -0.05  -0.06  -0.04  -0.05
 25.80  21.80  -0.04  -0.05  -0.04  -0.04
 25.90  21.70  -0.04  -0.05  -0.04  -0.04
 26.00  21.60  -0.05  -0.06  -0.05  -0.06
 26.10  21.50  -0.07  -0.07  -0.07  -0.08
 26.20  21.40  -0.09  -0.10  -0.10  -0.11
 26.30  21.30  -0.13  -0.14  -0.14  -0.14
 26.40  21.20  -0.17  -0.18  -0.18  -0.19
 26.50  21.10  -0.22  -0.23  -0.24  -0.25
 26.60  21.00  -0.29  -0.30  -0.31  -0.31
 26.70  20.90  -0.36  -0.37  -0.38  -0.39
 26.80  20.80  -0.44  -0.45  -0.47  -0.48
 26.90  20.70  -0.53  -0.54  -0.56  -0.57
 27.00  20.60  -0.64  -0.65  -0.67  -0.68
 27.10  20.50  -0.75  -0.76  -0.78  -0.79
 27.20  20.40  -0.87  -0.88  -0.91  -0.92
 27.30  20.30  -1.01  -1.02  -1.05  -1.06
 27.40  20.20  -1.16  -1.17  -1.20  -1.21
 27.50  20.10  -1.32  -1.33  -1.37  -1.37
 27.60  20.00  -1.49  -1.50  -1.54  -1.55
 27.70  19.90  -1.68  -1.68  -1.73  -1.74
 27.80  19.80  -1.88  -1.88  -1.93  -1.94
 27.90  19.70  -2.09  -2.10  -2.15  -2.16
 28.00  19.60  -2.32  -2.32  -2.38  -2.39
 28.10  19.50  -2.56  -2.56  -2.63  -2.63
 28.20  19.40  -2.82  -2.82  -2.89  -2.89
 28.30  19.30  -3.09  -3.09  -3.17  -3.17
 28.40  19.20  -3.39  -3.38  -3.47  -3.46
 28.50  19.10  -3.70  -3.69  -3.78  -3.78
 28.60  19.00  -4.02  -4.02  -4.11  -4.10
 28.70  18.90  -4.37  -4.36  -4.46  -4.45
 28.80  18.80  -4.73  -4.72  -4.83  -4.82
 28.90  18.70  -5.12  -5.10  -5.22  -5.21
 29.00  18.60  -5.53  -5.51  -5.63  -5.61
 29.10  18.50  -5.95  -5.93  -6.07  -6.04
 29.20  18.40  -6.41  -6.38  -6.52  -6.50
 29.30  18.30  -6.88  -6.85  -7.00  -6.97
 29.40  18.20  -7.38  -7.34  -7.51  -7.47
 29.50  18.10  -7.90  -7.86  -8.04  -7.99
 29.60  18.00  -8.45  -8.40  -8.59  -8.54
 29.70  17.90  -9.02  -8.97  -9.17  -9.12
 29.80  17.80  -9.63  -9.57  -9.78  -9.72
 29.90  17.70 -10.26 -10.19 -10.42 -10.36
 
   5
  77
 25.00
  0.10
 35.71  36.27  35.80  36.37
 25.00  22.60  -8.38  -8.41  -8.35  -8.39
 25.10  22.50  -7.86  -7.89  -7.84  -7.87
 25.20  22.40  -7.36  -7.40  -7.34  -7.37
 25.30  22.30  -6.89  -6.92  -6.87  -6.90
 25.40  22.20  -6.44  -6.47  -6.42  -6.44
 25.50  22.10  -6.01  -6.03  -5.99  -6.01
 25.60  22.00  -5.60  -5.62  -5.58  -5.60
 25.70  21.90  -5.21  -5.23  -5.19  -5.21
 25.80  21.80  -4.84  -4.86  -4.82  -4.83
 25.90  21.70  -4.48  -4.50  -4.46  -4.48
 26.00  21.60  -4.15  -4.16  -4.13  -4.14
 26.10  21.50  -3.83  -3.84  -3.81  -3.82
 26.20  21.40  -3.52  -3.54  -3.50  -3.52
 26.30  21.30  -3.24  -3.25  -3.22  -3.23
 26.40  21.20  -2.97  -2.98  -2.95  -2.96
 26.50  21.10  -2.71  -2.72  -2.69  -2.70
 26.60  21.00  -2.47  -2.48  -2.45  -2.46
 26.70  20.90  -2.24  -2.25  -2.22  -2.23
 26.80  20.80  -2.02  -2.03  -2.00  -2.01
 26.90  20.70  -1.82  -1.83  -1.80  -1.81
 27.00  20.60  -1.63  -1.64  -1.61  -1.62
 27.10  20.50  -1.45  -1.46  -1.43  -1.44
 27.20  20.40  -1.29  -1.29  -1.27  -1.27
 27.30  20.30  -1.13  -1.14  -1.11  -1.12
 27.40  20.20  -0.99  -0.99  -0.97  -0.98
 27.50  20.10  -0.85  -0.86  -0.84  -0.84
 27.60  20.00  -0.73  -0.74  -0.72  -0.72
 27.70  19.90  -0.62  -0.63  -0.60  -0.61
 27.80  19.80  -0.52  -0.52  -0.50  -0.51
 27.90  19.70  -0.43  -0.43  -0.41  -0.42
 28.00  19.60  -0.35  -0.35  -0.33  -0.34
 28.10  19.50  -0.27  -0.28  -0.26  -0.27
 28.20  19.40  -0.21  -0.22  -0.20  -0.20
 28.30  19.30  -0.16  -0.16  -0.14  -0.15
 28.40  19.20  -0.11  -0.12  -0.10  -0.11
 28.50  19.10  -0.08  -0.09  -0.07  -0.08
 28.60  19.00  -0.05  -0.06  -0.04  -0.05
 28.70  18.90  -0.03  -0.04  -0.03  -0.04
 28.80  18.80  -0.03  -0.04  -0.02  -0.03
 28.90  18.70  -0.03  -0.04  -0.02  -0.03
 29.00  18.60  -0.04  -0.05  -0.03  -0.04
 29.10  18.50  -0.06  -0.07  -0.05  -0.07
 29.20  18.40  -0.09  -0.10  -0.09  -0.10
 29.30  18.30  -0.13  -0.14  -0.13  -0.14
 29.40  18.20  -0.18  -0.19  -0.17  -0.19
 29.50  18.10  -0.24  -0.25  -0.23  -0.25
 29.60  18.00  -0.30  -0.32  -0.30  -0.32
 29.70  17.90  -0.38  -0.40  -0.38  -0.39
 29.80  17.80  -0.47  -0.48  -0.47  -0.48
 29.90  17.70  -0.57  -0.58  -0.57  -0.58
 30.00  17.60  -0.68  -0.69  -0.68  -0.70
 30.10  17.50  -0.80  -0.82  -0.81  -0.82
 30.20  17.40  -0.94  -0.95  -0.94  -0.95
 30.30  17.30  -1.08  -1.09  -1.09  -1.10
 30.40  17.20  -1.24  -1.25  -1.25  -1.25
 30.50  17.10  -1.41  -1.42  -1.42  -1.42
 30.60  17.00  -1.60  -1.60  -1.60  -1.61
 30.70  16.90  -1.79  -1.80  -1.80  -1.80
 30.80  16.80  -2.00  -2.01  -2.01  -2.01
 30.90  16.70  -2.23  -2.23  -2.23  -2.23
 31.00  16.60  -2.47  -2.47  -2.47  -2.47
 31.10  16.50  -2.73  -2.72  -2.73  -2.72
 31.20  16.40  -3.00  -2.99  -3.00  -2.99
 31.30  16.30  -3.29  -3.27  -3.29  -3.28
 31.40  16.20  -3.59  -3.58  -3.59  -3.58
 31.50  16.10  -3.91  -3.90  -3.92  -3.90
 31.60  16.00  -4.26  -4.23  -4.26  -4.23
 31.70  15.90  -4.62  -4.59  -4.61  -4.59
 31.80  15.80  -5.00  -4.96  -4.99  -4.96
 31.90  15.70  -5.40  -5.36  -5.39  -5.35
 32.00  15.60  -5.82  -5.78  -5.81  -5.77
 32.10  15.50  -6.26  -6.21  -6.25  -6.20
 32.20  15.40  -6.73  -6.67  -6.72  -6.66
 32.30  15.30  -7.22  -7.16  -7.20  -7.14
 32.40  15.20  -7.73  -7.66  -7.71  -7.64
 32.50  15.10  -8.27  -8.19  -8.25  -8.17
 32.60  15.00  -8.84  -8.75  -8.81  -8.72
 
   6
  73
 27.20
  0.10
 35.81  36.30  35.91  36.39
 27.20  20.40  -7.56  -7.64  -7.43  -7.51
 27.30  20.30  -7.08  -7.15  -6.96  -7.04
 27.40  20.20  -6.62  -6.69  -6.51  -6.58
 27.50  20.10  -6.18  -6.25  -6.08  -6.14
 27.60  20.00  -5.76  -5.82  -5.67  -5.73
 27.70  19.90  -5.37  -5.42  -5.27  -5.33
 27.80  19.80  -4.99  -5.04  -4.90  -4.95
 27.90  19.70  -4.62  -4.67  -4.54  -4.59
 28.00  19.60  -4.28  -4.33  -4.20  -4.25
 28.10  19.50  -3.95  -4.00  -3.88  -3.93
 28.20  19.40  -3.64  -3.68  -3.58  -3.62
 28.30  19.30  -3.35  -3.38  -3.29  -3.32
 28.40  19.20  -3.07  -3.10  -3.01  -3.05
 28.50  19.10  -2.80  -2.84  -2.75  -2.78
 28.60  19.00  -2.55  -2.58  -2.50  -2.54
 28.70  18.90  -2.32  -2.35  -2.27  -2.30
 28.80  18.80  -2.09  -2.12  -2.05  -2.08
 28.90  18.70  -1.88  -1.91  -1.85  -1.87
 29.00  18.60  -1.69  -1.71  -1.65  -1.68
 29.10  18.50  -1.50  -1.53  -1.47  -1.50
 29.20  18.40  -1.33  -1.36  -1.30  -1.33
 29.30  18.30  -1.17  -1.19  -1.15  -1.17
 29.40  18.20  -1.02  -1.05  -1.00  -1.02
 29.50  18.10  -0.89  -0.91  -0.86  -0.89
 29.60  18.00  -0.76  -0.78  -0.74  -0.76
 29.70  17.90  -0.64  -0.66  -0.63  -0.65
 29.80  17.80  -0.54  -0.56  -0.52  -0.54
 29.90  17.70  -0.44  -0.46  -0.43  -0.45
 30.00  17.60  -0.36  -0.38  -0.35  -0.37
 30.10  17.50  -0.28  -0.30  -0.27  -0.29
 30.20  17.40  -0.22  -0.23  -0.21  -0.23
 30.30  17.30  -0.16  -0.18  -0.16  -0.17
 30.40  17.20  -0.12  -0.13  -0.11  -0.13
 30.50  17.10  -0.08  -0.09  -0.08  -0.09
 30.60  17.00  -0.05  -0.07  -0.05  -0.07
 30.70  16.90  -0.04  -0.05  -0.04  -0.05
 30.80  16.80  -0.03  -0.04  -0.03  -0.04
 30.90  16.70  -0.03  -0.04  -0.03  -0.04
 31.00  16.60  -0.04  -0.05  -0.05  -0.06
 31.10  16.50  -0.06  -0.07  -0.07  -0.08
 31.20  16.40  -0.09  -0.10  -0.10  -0.11
 31.30  16.30  -0.14  -0.14  -0.14  -0.15
 31.40  16.20  -0.19  -0.19  -0.19  -0.20
 31.50  16.10  -0.25  -0.25  -0.26  -0.26
 31.60  16.00  -0.32  -0.32  -0.33  -0.33
 31.70  15.90  -0.40  -0.40  -0.41  -0.41
 31.80  15.80  -0.50  -0.49  -0.50  -0.50
 31.90  15.70  -0.60  -0.60  -0.61  -0.60
 32.00  15.60  -0.72  -0.71  -0.72  -0.72
 32.10  15.50  -0.84  -0.83  -0.85  -0.84
 32.20  15.40  -0.98  -0.97  -0.99  -0.98
 32.30  15.30  -1.13  -1.12  -1.14  -1.12
 32.40  15.20  -1.30  -1.28  -1.30  -1.28
 32.50  15.10  -1.47  -1.45  -1.48  -1.46
 32.60  15.00  -1.66  -1.64  -1.67  -1.64
 32.70  14.90  -1.87  -1.84  -1.87  -1.84
 32.80  14.80  -2.08  -2.05  -2.09  -2.05
 32.90  14.70  -2.32  -2.28  -2.32  -2.28
 33.00  14.60  -2.56  -2.52  -2.56  -2.52
 33.10  14.50  -2.83  -2.78  -2.82  -2.78
 33.20  14.40  -3.11  -3.06  -3.10  -3.05
 33.30  14.30  -3.40  -3.35  -3.40  -3.34
 33.40  14.20  -3.72  -3.65  -3.71  -3.64
 33.50  14.10  -4.05  -3.98  -4.04  -3.97
 33.60  14.00  -4.40  -4.32  -4.38  -4.31
 33.70  13.90  -4.76  -4.68  -4.75  -4.67
 33.80  13.80  -5.15  -5.06  -5.13  -5.04
 33.90  13.70  -5.56  -5.47  -5.54  -5.44
 34.00  13.60  -5.99  -5.89  -5.96  -5.86
 34.10  13.50  -6.44  -6.33  -6.41  -6.30
 34.20  13.40  -6.91  -6.80  -6.88  -6.76
 34.30  13.30  -7.41  -7.28  -7.37  -7.25
 34.40  13.20  -7.93  -7.80  -7.89  -7.76
 
   7
  67
 30.90
  0.10
 36.03  36.34  36.03  36.34
 30.90  16.70  -6.02  -6.02  -6.02  -6.02
 31.00  16.60  -5.52  -5.52  -5.52  -5.52
 31.10  16.50  -5.06  -5.06  -5.06  -5.06
 31.20  16.40  -4.63  -4.63  -4.63  -4.63
 31.30  16.30  -4.23  -4.23  -4.23  -4.23
 31.40  16.20  -3.85  -3.85  -3.85  -3.85
 31.50  16.10  -3.49  -3.49  -3.49  -3.49
 31.60  16.00  -3.16  -3.16  -3.16  -3.16
 31.70  15.90  -2.86  -2.86  -2.86  -2.86
 31.80  15.80  -2.57  -2.57  -2.57  -2.57
 31.90  15.70  -2.31  -2.31  -2.31  -2.31
 32.00  15.60  -2.06  -2.06  -2.06  -2.06
 32.10  15.50  -1.84  -1.84  -1.84  -1.84
 32.20  15.40  -1.63  -1.63  -1.63  -1.63
 32.30  15.30  -1.43  -1.43  -1.43  -1.43
 32.40  15.20  -1.26  -1.26  -1.26  -1.26
 32.50  15.10  -1.09  -1.09  -1.09  -1.09
 32.60  15.00  -0.94  -0.94  -0.94  -0.94
 32.70  14.90  -0.81  -0.81  -0.81  -0.81
 32.80  14.80  -0.69  -0.69  -0.69  -0.69
 32.90  14.70  -0.57  -0.57  -0.57  -0.57
 33.00  14.60  -0.47  -0.47  -0.47  -0.47
 33.10  14.50  -0.39  -0.39  -0.39  -0.39
 33.20  14.40  -0.31  -0.31  -0.31  -0.31
 33.30  14.30  -0.24  -0.24  -0.24  -0.24
 33.40  14.20  -0.18  -0.18  -0.18  -0.18
 33.50  14.10  -0.13  -0.13  -0.13  -0.13
 33.60  14.00  -0.08  -0.08  -0.08  -0.08
 33.70  13.90  -0.05  -0.05  -0.05  -0.05
 33.80  13.80  -0.03  -0.03  -0.03  -0.03
 33.90  13.70  -0.01  -0.01  -0.01  -0.01
 34.00  13.60  -0.00  -0.00  -0.00  -0.00
 34.10  13.50  -0.00  -0.00  -0.00  -0.00
 34.20  13.40  -0.01  -0.01  -0.01  -0.01
 34.30  13.30  -0.02  -0.02  -0.02  -0.02
 34.40  13.20  -0.05  -0.05  -0.05  -0.05
 34.50  13.10  -0.08  -0.08  -0.08  -0.08
 34.60  13.00  -0.12  -0.12  -0.12  -0.12
 34.70  12.90  -0.17  -0.17  -0.17  -0.17
 34.80  12.80  -0.23  -0.23  -0.23  -0.23
 34.90  12.70  -0.30  -0.30  -0.30  -0.30
 35.00  12.60  -0.37  -0.37  -0.37  -0.37
 35.10  12.50  -0.46  -0.46  -0.46  -0.46
 35.20  12.40  -0.56  -0.56  -0.56  -0.56
 35.30  12.30  -0.67  -0.67  -0.67  -0.67
 35.40  12.20  -0.79  -0.79  -0.79  -0.79
 35.50  12.10  -0.93  -0.93  -0.93  -0.93
 35.60  12.00  -1.07  -1.07  -1.07  -1.07
 35.70  11.90  -1.23  -1.23  -1.23  -1.23
 35.80  11.80  -1.41  -1.41  -1.41  -1.41
 35.90  11.70  -1.60  -1.60  -1.60  -1.60
 36.00  11.60  -1.81  -1.81  -1.81  -1.81
 36.10  11.50  -2.03  -2.03  -2.03  -2.03
 36.20  11.40  -2.28  -2.28  -2.28  -2.28
 36.30  11.30  -2.54  -2.54  -2.54  -2.54
 36.40  11.20  -2.82  -2.82  -2.82  -2.82
 36.50  11.10  -3.12  -3.12  -3.12  -3.12
 36.60  11.00  -3.45  -3.45  -3.45  -3.45
 36.70  10.90  -3.80  -3.80  -3.80  -3.80
 36.80  10.80  -4.17  -4.17  -4.17  -4.17
 36.90  10.70  -4.57  -4.57  -4.57  -4.57
 37.00  10.60  -5.00  -5.00  -5.00  -5.00
 37.10  10.50  -5.46  -5.46  -5.46  -5.46
 37.20  10.40  -5.95  -5.95  -5.95  -5.95
 37.30  10.30  -6.47  -6.47  -6.47  -6.47
 37.40  10.20  -7.02  -7.02  -7.02  -7.02
 37.50  10.10  -7.61  -7.61  -7.61  -7.61
 
   8
  61
 33.80
  0.10
 36.06  36.44  36.19  36.57
 33.80  13.80  -5.29  -5.26  -5.37  -5.34
 33.90  13.70  -4.91  -4.88  -4.98  -4.95
 34.00  13.60  -4.54  -4.51  -4.61  -4.58
 34.10  13.50  -4.19  -4.16  -4.25  -4.22
 34.20  13.40  -3.86  -3.83  -3.91  -3.88
 34.30  13.30  -3.54  -3.51  -3.60  -3.57
 34.40  13.20  -3.24  -3.21  -3.29  -3.26
 34.50  13.10  -2.96  -2.93  -3.01  -2.98
 34.60  13.00  -2.69  -2.66  -2.74  -2.71
 34.70  12.90  -2.44  -2.41  -2.48  -2.45
 34.80  12.80  -2.20  -2.18  -2.24  -2.21
 34.90  12.70  -1.98  -1.95  -2.01  -1.99
 35.00  12.60  -1.77  -1.74  -1.80  -1.77
 35.10  12.50  -1.57  -1.55  -1.60  -1.58
 35.20  12.40  -1.39  -1.37  -1.41  -1.39
 35.30  12.30  -1.22  -1.20  -1.24  -1.22
 35.40  12.20  -1.06  -1.04  -1.08  -1.06
 35.50  12.10  -0.91  -0.89  -0.93  -0.91
 35.60  12.00  -0.78  -0.76  -0.79  -0.78
 35.70  11.90  -0.65  -0.64  -0.67  -0.65
 35.80  11.80  -0.54  -0.53  -0.56  -0.54
 35.90  11.70  -0.44  -0.43  -0.45  -0.44
 36.00  11.60  -0.35  -0.34  -0.36  -0.35
 36.10  11.50  -0.27  -0.26  -0.28  -0.27
 36.20  11.40  -0.20  -0.20  -0.21  -0.20
 36.30  11.30  -0.15  -0.14  -0.15  -0.15
 36.40  11.20  -0.10  -0.09  -0.10  -0.10
 36.50  11.10  -0.06  -0.06  -0.07  -0.06
 36.60  11.00  -0.04  -0.03  -0.04  -0.04
 36.70  10.90  -0.02  -0.02  -0.02  -0.02
 36.80  10.80  -0.02  -0.01  -0.01  -0.01
 36.90  10.70  -0.02  -0.02  -0.02  -0.02
 37.00  10.60  -0.03  -0.04  -0.03  -0.03
 37.10  10.50  -0.06  -0.06  -0.06  -0.06
 37.20  10.40  -0.10  -0.10  -0.09  -0.09
 37.30  10.30  -0.14  -0.15  -0.14  -0.14
 37.40  10.20  -0.20  -0.20  -0.19  -0.20
 37.50  10.10  -0.27  -0.27  -0.26  -0.27
 37.60  10.00  -0.35  -0.35  -0.34  -0.34
 37.70   9.90  -0.44  -0.44  -0.43  -0.43
 37.80   9.80  -0.54  -0.54  -0.53  -0.54
 37.90   9.70  -0.65  -0.66  -0.64  -0.65
 38.00   9.60  -0.77  -0.78  -0.77  -0.77
 38.10   9.50  -0.91  -0.92  -0.91  -0.91
 38.20   9.40  -1.06  -1.06  -1.06  -1.06
 38.30   9.30  -1.22  -1.23  -1.22  -1.22
 38.40   9.20  -1.39  -1.40  -1.39  -1.40
 38.50   9.10  -1.58  -1.59  -1.58  -1.59
 38.60   9.00  -1.78  -1.79  -1.79  -1.79
 38.70   8.90  -2.00  -2.00  -2.01  -2.01
 38.80   8.80  -2.23  -2.23  -2.24  -2.24
 38.90   8.70  -2.47  -2.48  -2.49  -2.49
 39.00   8.60  -2.73  -2.73  -2.75  -2.76
 39.10   8.50  -3.01  -3.01  -3.04  -3.04
 39.20   8.40  -3.30  -3.30  -3.33  -3.33
 39.30   8.30  -3.61  -3.61  -3.65  -3.65
 39.40   8.20  -3.93  -3.93  -3.98  -3.98
 39.50   8.10  -4.28  -4.27  -4.33  -4.33
 39.60   8.00  -4.64  -4.64  -4.71  -4.70
 39.70   7.90  -5.02  -5.01  -5.10  -5.09
 39.80   7.80  -5.42  -5.41  -5.51  -5.50
 
   9
  57
 35.80
  0.10
 36.09  36.45  36.19  36.55
 35.80  11.80  -4.58  -4.61  -4.65  -4.68
 35.90  11.70  -4.23  -4.26  -4.29  -4.32
 36.00  11.60  -3.90  -3.92  -3.95  -3.97
 36.10  11.50  -3.58  -3.60  -3.63  -3.65
 36.20  11.40  -3.28  -3.30  -3.32  -3.34
 36.30  11.30  -3.00  -3.01  -3.03  -3.05
 36.40  11.20  -2.73  -2.74  -2.76  -2.77
 36.50  11.10  -2.47  -2.48  -2.50  -2.51
 36.60  11.00  -2.23  -2.24  -2.26  -2.26
 36.70  10.90  -2.01  -2.01  -2.03  -2.03
 36.80  10.80  -1.79  -1.80  -1.81  -1.82
 36.90  10.70  -1.60  -1.60  -1.61  -1.61
 37.00  10.60  -1.41  -1.41  -1.42  -1.42
 37.10  10.50  -1.24  -1.24  -1.24  -1.25
 37.20  10.40  -1.08  -1.08  -1.08  -1.08
 37.30  10.30  -0.93  -0.93  -0.93  -0.93
 37.40  10.20  -0.79  -0.79  -0.79  -0.79
 37.50  10.10  -0.66  -0.67  -0.66  -0.67
 37.60  10.00  -0.55  -0.55  -0.55  -0.55
 37.70   9.90  -0.45  -0.45  -0.44  -0.45
 37.80   9.80  -0.36  -0.36  -0.35  -0.36
 37.90   9.70  -0.28  -0.28  -0.27  -0.27
 38.00   9.60  -0.21  -0.21  -0.20  -0.20
 38.10   9.50  -0.15  -0.15  -0.14  -0.15
 38.20   9.40  -0.10  -0.11  -0.09  -0.10
 38.30   9.30  -0.06  -0.07  -0.06  -0.06
 38.40   9.20  -0.04  -0.04  -0.03  -0.03
 38.50   9.10  -0.02  -0.02  -0.01  -0.02
 38.60   9.00  -0.02  -0.02  -0.01  -0.01
 38.70   8.90  -0.02  -0.02  -0.01  -0.02
 38.80   8.80  -0.03  -0.04  -0.03  -0.03
 38.90   8.70  -0.06  -0.06  -0.06  -0.06
 39.00   8.60  -0.10  -0.10  -0.10  -0.10
 39.10   8.50  -0.14  -0.15  -0.14  -0.15
 39.20   8.40  -0.20  -0.20  -0.20  -0.20
 39.30   8.30  -0.27  -0.27  -0.27  -0.27
 39.40   8.20  -0.35  -0.35  -0.36  -0.36
 39.50   8.10  -0.44  -0.44  -0.45  -0.45
 39.60   8.00  -0.55  -0.54  -0.56  -0.55
 39.70   7.90  -0.66  -0.66  -0.67  -0.67
 39.80   7.80  -0.79  -0.78  -0.80  -0.79
 39.90   7.70  -0.93  -0.92  -0.94  -0.93
 40.00   7.60  -1.08  -1.07  -1.10  -1.09
 40.10   7.50  -1.24  -1.23  -1.26  -1.25
 40.20   7.40  -1.42  -1.41  -1.44  -1.43
 40.30   7.30  -1.61  -1.60  -1.64  -1.62
 40.40   7.20  -1.82  -1.80  -1.84  -1.83
 40.50   7.10  -2.04  -2.02  -2.06  -2.04
 40.60   7.00  -2.27  -2.25  -2.30  -2.28
 40.70   6.90  -2.52  -2.49  -2.55  -2.53
 40.80   6.80  -2.78  -2.75  -2.82  -2.79
 40.90   6.70  -3.06  -3.03  -3.10  -3.07
 41.00   6.60  -3.36  -3.33  -3.40  -3.36
 41.10   6.50  -3.67  -3.64  -3.71  -3.68
 41.20   6.40  -4.00  -3.96  -4.04  -4.00
 41.30   6.30  -4.35  -4.31  -4.39  -4.35
 41.40   6.20  -4.72  -4.67  -4.76  -4.72
 
  10
  53
 38.90
  0.10
 36.55  36.81  36.67  36.92
 38.90   8.70  -2.37  -2.37  -2.37  -2.37
 39.00   8.60  -2.22  -2.22  -2.22  -2.22
 39.10   8.50  -2.08  -2.08  -2.08  -2.08
 39.20   8.40  -1.93  -1.93  -1.93  -1.93
 39.30   8.30  -1.79  -1.79  -1.79  -1.79
 39.40   8.20  -1.64  -1.64  -1.64  -1.64
 39.50   8.10  -1.50  -1.50  -1.50  -1.50
 39.60   8.00  -1.36  -1.36  -1.36  -1.36
 39.70   7.90  -1.23  -1.23  -1.23  -1.23
 39.80   7.80  -1.10  -1.10  -1.10  -1.10
 39.90   7.70  -0.97  -0.97  -0.97  -0.97
 40.00   7.60  -0.85  -0.85  -0.85  -0.85
 40.10   7.50  -0.74  -0.74  -0.74  -0.74
 40.20   7.40  -0.63  -0.63  -0.63  -0.63
 40.30   7.30  -0.53  -0.53  -0.53  -0.53
 40.40   7.20  -0.44  -0.44  -0.44  -0.44
 40.50   7.10  -0.36  -0.36  -0.36  -0.36
 40.60   7.00  -0.28  -0.28  -0.28  -0.28
 40.70   6.90  -0.22  -0.22  -0.22  -0.22
 40.80   6.80  -0.16  -0.16  -0.16  -0.16
 40.90   6.70  -0.11  -0.11  -0.11  -0.11
 41.00   6.60  -0.07  -0.07  -0.07  -0.07
 41.10   6.50  -0.04  -0.04  -0.04  -0.04
 41.20   6.40  -0.01  -0.01  -0.01  -0.01
 41.30   6.30  -0.00  -0.00  -0.00  -0.00
 41.40   6.20  -0.00  -0.00  -0.00  -0.00
 41.50   6.10  -0.01  -0.01  -0.01  -0.01
 41.60   6.00  -0.02  -0.02  -0.02  -0.02
 41.70   5.90  -0.05  -0.05  -0.05  -0.05
 41.80   5.80  -0.09  -0.09  -0.09  -0.09
 41.90   5.70  -0.13  -0.13  -0.13  -0.13
 42.00   5.60  -0.19  -0.19  -0.19  -0.19
 42.10   5.50  -0.25  -0.25  -0.25  -0.25
 42.20   5.40  -0.32  -0.32  -0.32  -0.32
 42.30   5.30  -0.40  -0.40  -0.40  -0.40
 42.40   5.20  -0.49  -0.49  -0.49  -0.49
 42.50   5.10  -0.59  -0.59  -0.59  -0.59
 42.60   5.00  -0.69  -0.69  -0.69  -0.69
 42.70   4.90  -0.80  -0.80  -0.80  -0.80
 42.80   4.80  -0.92  -0.92  -0.92  -0.92
 42.90   4.70  -1.04  -1.04  -1.04  -1.04
 43.00   4.60  -1.17  -1.17  -1.17  -1.17
 43.10   4.50  -1.30  -1.30  -1.30  -1.30
 43.20   4.40  -1.44  -1.44  -1.44  -1.44
 43.30   4.30  -1.58  -1.58  -1.58  -1.58
 43.40   4.20  -1.72  -1.72  -1.72  -1.72
 43.50   4.10  -1.86  -1.86  -1.86  -1.86
 43.60   4.00  -2.01  -2.01  -2.01  -2.01
 43.70   3.90  -2.16  -2.16  -2.16  -2.16
 43.80   3.80  -2.30  -2.30  -2.30  -2.30
 43.90   3.70  -2.45  -2.45  -2.45  -2.45
 44.00   3.60  -2.59  -2.59  -2.59  -2.59
 44.10   3.50  -2.73  -2.73  -2.73  -2.73
 
  11
  49
 41.00
  0.10
 36.59  36.85  36.67  36.94
 41.00   6.60  -4.25  -4.24  -4.29  -4.29
 41.10   6.50  -3.87  -3.86  -3.91  -3.91
 41.20   6.40  -3.51  -3.50  -3.56  -3.55
 41.30   6.30  -3.17  -3.17  -3.22  -3.21
 41.40   6.20  -2.86  -2.85  -2.90  -2.89
 41.50   6.10  -2.56  -2.55  -2.60  -2.59
 41.60   6.00  -2.28  -2.27  -2.32  -2.31
 41.70   5.90  -2.03  -2.01  -2.06  -2.05
 41.80   5.80  -1.78  -1.77  -1.82  -1.81
 41.90   5.70  -1.56  -1.55  -1.59  -1.58
 42.00   5.60  -1.35  -1.34  -1.38  -1.37
 42.10   5.50  -1.16  -1.15  -1.19  -1.18
 42.20   5.40  -0.99  -0.98  -1.01  -1.00
 42.30   5.30  -0.83  -0.82  -0.85  -0.84
 42.40   5.20  -0.68  -0.67  -0.70  -0.69
 42.50   5.10  -0.55  -0.54  -0.57  -0.56
 42.60   5.00  -0.44  -0.43  -0.45  -0.44
 42.70   4.90  -0.34  -0.33  -0.35  -0.34
 42.80   4.80  -0.25  -0.24  -0.26  -0.25
 42.90   4.70  -0.18  -0.17  -0.18  -0.17
 43.00   4.60  -0.12  -0.11  -0.12  -0.11
 43.10   4.50  -0.07  -0.06  -0.07  -0.06
 43.20   4.40  -0.04  -0.03  -0.04  -0.03
 43.30   4.30  -0.02  -0.01  -0.02  -0.01
 43.40   4.20  -0.01  -0.01  -0.01  -0.00
 43.50   4.10  -0.02  -0.02  -0.01  -0.01
 43.60   4.00  -0.04  -0.04  -0.03  -0.03
 43.70   3.90  -0.07  -0.07  -0.06  -0.06
 43.80   3.80  -0.12  -0.12  -0.11  -0.11
 43.90   3.70  -0.18  -0.18  -0.17  -0.17
 44.00   3.60  -0.26  -0.25  -0.24  -0.24
 44.10   3.50  -0.34  -0.34  -0.33  -0.33
 44.20   3.40  -0.45  -0.45  -0.43  -0.43
 44.30   3.30  -0.56  -0.56  -0.55  -0.55
 44.40   3.20  -0.69  -0.69  -0.68  -0.68
 44.50   3.10  -0.84  -0.84  -0.83  -0.83
 44.60   3.00  -1.00  -1.00  -0.99  -0.99
 44.70   2.90  -1.18  -1.18  -1.16  -1.16
 44.80   2.80  -1.37  -1.37  -1.36  -1.35
 44.90   2.70  -1.58  -1.58  -1.57  -1.56
 45.00   2.60  -1.81  -1.81  -1.79  -1.79
 45.10   2.50  -2.06  -2.05  -2.03  -2.03
 45.20   2.40  -2.32  -2.31  -2.30  -2.29
 45.30   2.30  -2.60  -2.59  -2.58  -2.57
 45.40   2.20  -2.91  -2.89  -2.88  -2.86
 45.50   2.10  -3.23  -3.21  -3.19  -3.18
 45.60   2.00  -3.57  -3.55  -3.53  -3.51
 45.70   1.90  -3.94  -3.91  -3.89  -3.87
 45.80   1.80  -4.33  -4.30  -4.27  -4.24
 
  12
  45
 43.00
  0.10
 36.60  36.87  36.70  36.98
 43.00   4.60  -3.52  -3.51  -3.56  -3.56
 43.10   4.50  -3.18  -3.17  -3.22  -3.21
 43.20   4.40  -2.87  -2.86  -2.90  -2.89
 43.30   4.30  -2.57  -2.56  -2.60  -2.59
 43.40   4.20  -2.29  -2.28  -2.32  -2.30
 43.50   4.10  -2.03  -2.02  -2.06  -2.04
 43.60   4.00  -1.79  -1.77  -1.81  -1.80
 43.70   3.90  -1.57  -1.55  -1.59  -1.57
 43.80   3.80  -1.36  -1.34  -1.38  -1.36
 43.90   3.70  -1.17  -1.15  -1.18  -1.17
 44.00   3.60  -0.99  -0.98  -1.01  -0.99
 44.10   3.50  -0.83  -0.82  -0.85  -0.83
 44.20   3.40  -0.69  -0.67  -0.70  -0.68
 44.30   3.30  -0.56  -0.54  -0.57  -0.55
 44.40   3.20  -0.44  -0.43  -0.45  -0.44
 44.50   3.10  -0.34  -0.33  -0.35  -0.34
 44.60   3.00  -0.25  -0.24  -0.26  -0.25
 44.70   2.90  -0.18  -0.17  -0.19  -0.18
 44.80   2.80  -0.12  -0.11  -0.13  -0.12
 44.90   2.70  -0.08  -0.07  -0.08  -0.07
 45.00   2.60  -0.04  -0.04  -0.04  -0.04
 45.10   2.50  -0.02  -0.02  -0.02  -0.02
 45.20   2.40  -0.02  -0.02  -0.01  -0.01
 45.30   2.30  -0.02  -0.02  -0.02  -0.02
 45.40   2.20  -0.04  -0.05  -0.04  -0.04
 45.50   2.10  -0.08  -0.08  -0.07  -0.07
 45.60   2.00  -0.13  -0.13  -0.11  -0.12
 45.70   1.90  -0.19  -0.19  -0.17  -0.18
 45.80   1.80  -0.26  -0.27  -0.25  -0.25
 45.90   1.70  -0.35  -0.36  -0.33  -0.34
 46.00   1.60  -0.45  -0.46  -0.43  -0.44
 46.10   1.50  -0.57  -0.58  -0.55  -0.55
 46.20   1.40  -0.70  -0.71  -0.68  -0.68
 46.30   1.30  -0.85  -0.86  -0.82  -0.83
 46.40   1.20  -1.01  -1.02  -0.98  -0.99
 46.50   1.10  -1.19  -1.20  -1.16  -1.16
 46.60   1.00  -1.38  -1.39  -1.35  -1.35
 46.70   0.90  -1.59  -1.60  -1.56  -1.56
 46.80   0.80  -1.82  -1.83  -1.78  -1.79
 46.90   0.70  -2.06  -2.07  -2.03  -2.03
 47.00   0.60  -2.33  -2.33  -2.29  -2.29
 47.10   0.50  -2.61  -2.61  -2.57  -2.57
 47.20   0.40  -2.91  -2.91  -2.87  -2.87
 47.30   0.30  -3.23  -3.23  -3.19  -3.20
 47.40   0.20  -3.57  -3.57  -3.53  -3.54
 
  13
  41
 44.60
  0.10
 36.61  36.88  36.70  36.97
 44.60   3.00  -2.95  -2.92  -2.92  -2.89
 44.70   2.90  -2.64  -2.62  -2.62  -2.59
 44.80   2.80  -2.36  -2.33  -2.34  -2.31
 44.90   2.70  -2.09  -2.07  -2.07  -2.05
 45.00   2.60  -1.84  -1.82  -1.83  -1.81
 45.10   2.50  -1.61  -1.59  -1.60  -1.58
 45.20   2.40  -1.40  -1.38  -1.39  -1.37
 45.30   2.30  -1.20  -1.18  -1.20  -1.18
 45.40   2.20  -1.02  -1.01  -1.02  -1.00
 45.50   2.10  -0.86  -0.84  -0.86  -0.84
 45.60   2.00  -0.71  -0.70  -0.71  -0.69
 45.70   1.90  -0.58  -0.56  -0.57  -0.56
 45.80   1.80  -0.46  -0.45  -0.46  -0.44
 45.90   1.70  -0.35  -0.34  -0.35  -0.34
 46.00   1.60  -0.26  -0.25  -0.26  -0.25
 46.10   1.50  -0.19  -0.18  -0.18  -0.18
 46.20   1.40  -0.12  -0.12  -0.12  -0.12
 46.30   1.30  -0.07  -0.07  -0.07  -0.07
 46.40   1.20  -0.04  -0.03  -0.04  -0.03
 46.50   1.10  -0.02  -0.01  -0.02  -0.01
 46.60   1.00  -0.01  -0.01  -0.01  -0.01
 46.70   0.90  -0.01  -0.01  -0.01  -0.01
 46.80   0.80  -0.03  -0.03  -0.03  -0.03
 46.90   0.70  -0.06  -0.06  -0.06  -0.07
 47.00   0.60  -0.11  -0.11  -0.11  -0.11
 47.10   0.50  -0.16  -0.17  -0.17  -0.17
 47.20   0.40  -0.24  -0.24  -0.24  -0.25
 47.30   0.30  -0.32  -0.33  -0.33  -0.34
 47.40   0.20  -0.42  -0.43  -0.43  -0.44
 47.50   0.10  -0.54  -0.54  -0.55  -0.56
 47.60  -0.00  -0.66  -0.67  -0.68  -0.69
 47.70  -0.10  -0.81  -0.81  -0.83  -0.83
 47.80  -0.20  -0.97  -0.97  -0.99  -1.00
 47.90  -0.30  -1.14  -1.15  -1.17  -1.17
 48.00  -0.40  -1.33  -1.34  -1.36  -1.37
 48.10  -0.50  -1.54  -1.55  -1.57  -1.58
 48.20  -0.60  -1.77  -1.77  -1.80  -1.81
 48.30  -0.70  -2.01  -2.01  -2.04  -2.05
 48.40  -0.80  -2.27  -2.27  -2.31  -2.31
 48.50  -0.90  -2.55  -2.55  -2.59  -2.60
 48.60  -1.00  -2.84  -2.85  -2.89  -2.90
 
  14
  39
 45.90
  0.10
 36.61  36.89  36.70  36.98
 45.90   1.70  -2.52  -2.52  -2.62  -2.62
 46.00   1.60  -2.25  -2.24  -2.34  -2.34
 46.10   1.50  -1.99  -1.99  -2.07  -2.07
 46.20   1.40  -1.75  -1.75  -1.82  -1.82
 46.30   1.30  -1.53  -1.53  -1.59  -1.59
 46.40   1.20  -1.33  -1.32  -1.38  -1.38
 46.50   1.10  -1.14  -1.13  -1.19  -1.18
 46.60   1.00  -0.96  -0.96  -1.01  -1.01
 46.70   0.90  -0.80  -0.80  -0.84  -0.84
 46.80   0.80  -0.66  -0.66  -0.70  -0.70
 46.90   0.70  -0.53  -0.53  -0.56  -0.56
 47.00   0.60  -0.42  -0.42  -0.45  -0.45
 47.10   0.50  -0.32  -0.32  -0.34  -0.35
 47.20   0.40  -0.23  -0.23  -0.25  -0.26
 47.30   0.30  -0.16  -0.16  -0.18  -0.18
 47.40   0.20  -0.10  -0.11  -0.12  -0.12
 47.50   0.10  -0.05  -0.06  -0.07  -0.08
 47.60   0.00  -0.02  -0.03  -0.04  -0.05
 47.70  -0.10  -0.00  -0.02  -0.02  -0.03
 47.80  -0.20   0.00  -0.01  -0.01  -0.02
 47.90  -0.30  -0.01  -0.02  -0.02  -0.03
 48.00  -0.40  -0.03  -0.05  -0.03  -0.05
 48.10  -0.50  -0.07  -0.08  -0.07  -0.08
 48.20  -0.60  -0.12  -0.13  -0.12  -0.13
 48.30  -0.70  -0.18  -0.20  -0.18  -0.19
 48.40  -0.80  -0.26  -0.28  -0.25  -0.27
 48.50  -0.90  -0.35  -0.37  -0.34  -0.36
 48.60  -1.00  -0.46  -0.48  -0.44  -0.46
 48.70  -1.10  -0.58  -0.60  -0.56  -0.58
 48.80  -1.20  -0.72  -0.73  -0.69  -0.71
 48.90  -1.30  -0.87  -0.89  -0.84  -0.85
 49.00  -1.40  -1.04  -1.05  -1.00  -1.02
 49.10  -1.50  -1.22  -1.23  -1.18  -1.19
 49.20  -1.60  -1.42  -1.43  -1.38  -1.39
 49.30  -1.70  -1.64  -1.64  -1.59  -1.60
 49.40  -1.80  -1.87  -1.88  -1.82  -1.82
 49.50  -1.90  -2.12  -2.12  -2.07  -2.07
 49.60  -2.00  -2.39  -2.39  -2.33  -2.33
 49.70  -2.10  -2.68  -2.67  -2.62  -2.61
 
  15
  37
 47.20
  0.10
 36.58  36.86  36.70  36.98
 47.20   0.40  -2.11  -2.11  -2.11  -2.11
 47.30   0.30  -1.88  -1.88  -1.88  -1.88
 47.40   0.20  -1.67  -1.67  -1.67  -1.67
 47.50   0.10  -1.47  -1.47  -1.47  -1.47
 47.60   0.00  -1.28  -1.28  -1.28  -1.28
 47.70  -0.10  -1.10  -1.10  -1.10  -1.10
 47.80  -0.20  -0.94  -0.94  -0.94  -0.94
 47.90  -0.30  -0.79  -0.79  -0.79  -0.79
 48.00  -0.40  -0.65  -0.65  -0.65  -0.65
 48.10  -0.50  -0.53  -0.53  -0.53  -0.53
 48.20  -0.60  -0.42  -0.42  -0.42  -0.42
 48.30  -0.70  -0.32  -0.32  -0.32  -0.32
 48.40  -0.80  -0.23  -0.23  -0.23  -0.23
 48.50  -0.90  -0.16  -0.16  -0.16  -0.16
 48.60  -1.00  -0.10  -0.10  -0.10  -0.10
 48.70  -1.10  -0.06  -0.06  -0.06  -0.06
 48.80  -1.20  -0.03  -0.03  -0.03  -0.03
 48.90  -1.30  -0.01  -0.01  -0.01  -0.01
 49.00  -1.40   0.00   0.00   0.00   0.00
 49.10  -1.50  -0.01  -0.01  -0.01  -0.01
 49.20  -1.60  -0.03  -0.03  -0.03  -0.03
 49.30  -1.70  -0.06  -0.06  -0.06  -0.06
 49.40  -1.80  -0.10  -0.10  -0.10  -0.10
 49.50  -1.90  -0.16  -0.16  -0.16  -0.16
 49.60  -2.00  -0.23  -0.23  -0.23  -0.23
 49.70  -2.10  -0.32  -0.32  -0.32  -0.32
 49.80  -2.20  -0.42  -0.42  -0.42  -0.42
 49.90  -2.30  -0.53  -0.53  -0.53  -0.53
 50.00  -2.40  -0.65  -0.65  -0.65  -0.65
 50.10  -2.50  -0.79  -0.79  -0.79  -0.79
 50.20  -2.60  -0.94  -0.94  -0.94  -0.94
 50.30  -2.70  -1.10  -1.10  -1.10  -1.10
 50.40  -2.80  -1.28  -1.28  -1.28  -1.28
 50.50  -2.90  -1.47  -1.47  -1.47  -1.47
 50.60  -3.00  -1.67  -1.67  -1.67  -1.67
 50.70  -3.10  -1.88  -1.88  -1.88  -1.88
 50.80  -3.20  -2.11  -2.11  -2.11  -2.11
 
  16
  35
 48.30
  0.10
 36.58  36.85  36.69  36.97
 48.30  -0.70  -1.80  -1.80  -1.80  -1.80
 48.40  -0.80  -1.59  -1.59  -1.59  -1.59
 48.50  -0.90  -1.40  -1.40  -1.40  -1.40
 48.60  -1.00  -1.22  -1.22  -1.22  -1.22
 48.70  -1.10  -1.05  -1.05  -1.05  -1.05
 48.80  -1.20  -0.90  -0.90  -0.90  -0.90
 48.90  -1.30  -0.75  -0.75  -0.75  -0.75
 49.00  -1.40  -0.62  -0.62  -0.62  -0.62
 49.10  -1.50  -0.50  -0.50  -0.50  -0.50
 49.20  -1.60  -0.40  -0.40  -0.40  -0.40
 49.30  -1.70  -0.30  -0.30  -0.30  -0.30
 49.40  -1.80  -0.22  -0.22  -0.22  -0.22
 49.50  -1.90  -0.16  -0.16  -0.16  -0.16
 49.60  -2.00  -0.10  -0.10  -0.10  -0.10
 49.70  -2.10  -0.06  -0.06  -0.06  -0.06
 49.80  -2.20  -0.02  -0.02  -0.02  -0.02
 49.90  -2.30  -0.01  -0.01  -0.01  -0.01
 50.00  -2.40   0.00   0.00   0.00   0.00
 50.10  -2.50  -0.01  -0.01  -0.01  -0.01
 50.20  -2.60  -0.02  -0.02  -0.02  -0.02
 50.30  -2.70  -0.06  -0.06  -0.06  -0.06
 50.40  -2.80  -0.10  -0.10  -0.10  -0.10
 50.50  -2.90  -0.16  -0.16  -0.16  -0.16
 50.60  -3.00  -0.22  -0.22  -0.22  -0.22
 50.70  -3.10  -0.30  -0.30  -0.30  -0.30
 50.80  -3.20  -0.40  -0.40  -0.40  -0.40
 50.90  -3.30  -0.50  -0.50  -0.50  -0.50
 51.00  -3.40  -0.62  -0.62  -0.62  -0.62
 51.10  -3.50  -0.75  -0.75  -0.75  -0.75
 51.20  -3.60  -0.90  -0.90  -0.90  -0.90
 51.30  -3.70  -1.05  -1.05  -1.05  -1.05
 51.40  -3.80  -1.22  -1.22  -1.22  -1.22
 51.50  -3.90  -1.40  -1.40  -1.40  -1.40
 51.60  -4.00  -1.59  -1.59  -1.59  -1.59
 51.70  -4.10  -1.80  -1.80  -1.80  -1.80
 
  17
  33
 49.10
  0.10
 36.59  36.87  36.70  36.97
 49.10  -1.50  -1.75  -1.76  -1.80  -1.81
 49.20  -1.60  -1.53  -1.54  -1.58  -1.59
 49.30  -1.70  -1.33  -1.33  -1.37  -1.38
 49.40  -1.80  -1.14  -1.14  -1.18  -1.18
 49.50  -1.90  -0.96  -0.97  -1.00  -1.01
 49.60  -2.00  -0.81  -0.81  -0.84  -0.84
 49.70  -2.10  -0.66  -0.67  -0.70  -0.70
 49.80  -2.20  -0.54  -0.54  -0.56  -0.57
 49.90  -2.30  -0.42  -0.43  -0.45  -0.45
 50.00  -2.40  -0.32  -0.33  -0.34  -0.35
 50.10  -2.50  -0.24  -0.24  -0.25  -0.26
 50.20  -2.60  -0.17  -0.17  -0.18  -0.19
 50.30  -2.70  -0.11  -0.12  -0.12  -0.13
 50.40  -2.80  -0.07  -0.07  -0.07  -0.08
 50.50  -2.90  -0.04  -0.05  -0.04  -0.05
 50.60  -3.00  -0.02  -0.03  -0.02  -0.03
 50.70  -3.10  -0.02  -0.03  -0.01  -0.02
 50.80  -3.20  -0.03  -0.03  -0.02  -0.03
 50.90  -3.30  -0.05  -0.06  -0.04  -0.05
 51.00  -3.40  -0.09  -0.09  -0.08  -0.08
 51.10  -3.50  -0.14  -0.14  -0.12  -0.13
 51.20  -3.60  -0.20  -0.21  -0.19  -0.19
 51.30  -3.70  -0.28  -0.28  -0.26  -0.26
 51.40  -3.80  -0.37  -0.37  -0.35  -0.35
 51.50  -3.90  -0.48  -0.48  -0.45  -0.45
 51.60  -4.00  -0.60  -0.59  -0.57  -0.57
 51.70  -4.10  -0.73  -0.73  -0.70  -0.70
 51.80  -4.20  -0.88  -0.87  -0.84  -0.84
 51.90  -4.30  -1.04  -1.04  -1.00  -1.00
 52.00  -4.40  -1.22  -1.22  -1.18  -1.17
 52.10  -4.50  -1.42  -1.41  -1.36  -1.36
 52.20  -4.60  -1.63  -1.63  -1.57  -1.56
 52.30  -4.70  -1.86  -1.86  -1.79  -1.78
 
  18
  91
 16.00
  0.10
 33.55  34.36  33.72  34.52
 16.00  31.60  -3.06  -4.06  -4.07  -4.09
 16.10  31.50  -2.89  -3.88  -3.89  -3.91
 16.20  31.40  -2.73  -3.70  -3.71  -3.73
 16.30  31.30  -2.58  -3.52  -3.54  -3.56
 16.40  31.20  -2.44  -3.35  -3.37  -3.39
 16.50  31.10  -2.29  -3.19  -3.21  -3.23
 16.60  31.00  -2.16  -3.03  -3.05  -3.07
 16.70  30.90  -2.02  -2.87  -2.89  -2.92
 16.80  30.80  -1.90  -2.72  -2.74  -2.77
 16.90  30.70  -1.77  -2.57  -2.60  -2.62
 17.00  30.60  -1.65  -2.43  -2.45  -2.48
 17.10  30.50  -1.54  -2.29  -2.32  -2.34
 17.20  30.40  -1.43  -2.16  -2.18  -2.21
 17.30  30.30  -1.33  -2.03  -2.05  -2.08
 17.40  30.20  -1.23  -1.91  -1.93  -1.95
 17.50  30.10  -1.13  -1.78  -1.81  -1.83
 17.60  30.00  -1.04  -1.67  -1.69  -1.71
 17.70  29.90  -0.95  -1.56  -1.58  -1.60
 17.80  29.80  -0.87  -1.45  -1.47  -1.49
 17.90  29.70  -0.79  -1.34  -1.36  -1.38
 18.00  29.60  -0.71  -1.24  -1.26  -1.28
 18.10  29.50  -0.64  -1.15  -1.16  -1.18
 18.20  29.40  -0.57  -1.06  -1.07  -1.09
 18.30  29.30  -0.51  -0.97  -0.98  -0.99
 18.40  29.20  -0.45  -0.89  -0.90  -0.91
 18.50  29.10  -0.40  -0.81  -0.81  -0.83
 18.60  29.00  -0.34  -0.73  -0.74  -0.75
 18.70  28.90  -0.30  -0.66  -0.66  -0.67
 18.80  28.80  -0.25  -0.59  -0.59  -0.60
 18.90  28.70  -0.21  -0.52  -0.53  -0.54
 19.00  28.60  -0.17  -0.46  -0.47  -0.47
 19.10  28.50  -0.14  -0.41  -0.41  -0.42
 19.20  28.40  -0.11  -0.35  -0.35  -0.36
 19.30  28.30  -0.08  -0.30  -0.30  -0.31
 19.40  28.20  -0.06  -0.26  -0.26  -0.26
 19.50  28.10  -0.04  -0.22  -0.22  -0.22
 19.60  28.00  -0.03  -0.18  -0.18  -0.18
 19.70  27.90  -0.01  -0.15  -0.14  -0.15
 19.80  27.80  -0.01  -0.12  -0.11  -0.12
 19.90  27.70  -0.00  -0.09  -0.09  -0.09
 20.00  27.60  -0.00  -0.07  -0.06  -0.07
 20.10  27.50  -0.00  -0.05  -0.04  -0.05
 20.20  27.40  -0.01  -0.03  -0.03  -0.03
 20.30  27.30  -0.02  -0.02  -0.02  -0.02
 20.40  27.20  -0.03  -0.01  -0.01  -0.01
 20.50  27.10  -0.05  -0.01  -0.01  -0.01
 20.60  27.00  -0.07  -0.01  -0.01  -0.01
 20.70  26.90  -0.09  -0.02  -0.01  -0.02
 20.80  26.80  -0.12  -0.02  -0.02  -0.03
 20.90  26.70  -0.15  -0.03  -0.04  -0.04
 21.00  26.60  -0.18  -0.05  -0.05  -0.06
 21.10  26.50  -0.22  -0.07  -0.08  -0.08
 21.20  26.40  -0.26  -0.09  -0.10  -0.10
 21.30  26.30  -0.31  -0.12  -0.13  -0.13
 21.40  26.20  -0.36  -0.15  -0.16  -0.17
 21.50  26.10  -0.41  -0.19  -0.20  -0.21
 21.60  26.00  -0.47  -0.23  -0.24  -0.25
 21.70  25.90  -0.53  -0.27  -0.29  -0.30
 21.80  25.80  -0.59  -0.32  -0.34  -0.35
 21.90  25.70  -0.66  -0.37  -0.40  -0.40
 22.00  25.60  -0.73  -0.43  -0.46  -0.46
 22.10  25.50  -0.81  -0.49  -0.52  -0.53
 22.20  25.40  -0.89  -0.56  -0.59  -0.60
 22.30  25.30  -0.98  -0.62  -0.66  -0.67
 22.40  25.20  -1.06  -0.70  -0.74  -0.75
 22.50  25.10  -1.16  -0.78  -0.82  -0.83
 22.60  25.00  -1.25  -0.86  -0.91  -0.92
 22.70  24.90  -1.36  -0.95  -1.00  -1.01
 22.80  24.80  -1.46  -1.04  -1.10  -1.11
 22.90  24.70  -1.57  -1.13  -1.20  -1.21
 23.00  24.60  -1.69  -1.24  -1.30  -1.32
 23.10  24.50  -1.81  -1.34  -1.41  -1.43
 23.20  24.40  -1.93  -1.45  -1.53  -1.54
 23.30  24.30  -2.06  -1.57  -1.65  -1.66
 23.40  24.20  -2.19  -1.69  -1.77  -1.79
 23.50  24.10  -2.33  -1.81  -1.90  -1.92
 23.60  24.00  -2.48  -1.94  -2.04  -2.05
 23.70  23.90  -2.63  -2.08  -2.18  -2.20
 23.80  23.80  -2.78  -2.22  -2.33  -2.34
 23.90  23.70  -2.94  -2.37  -2.48  -2.49
 24.00  23.60  -3.10  -2.52  -2.63  -2.65
 24.10  23.50  -3.27  -2.67  -2.80  -2.81
 24.20  23.40  -3.45  -2.84  -2.96  -2.98
 24.30  23.30  -3.63  -3.00  -3.14  -3.15
 24.40  23.20  -3.82  -3.18  -3.32  -3.33
 24.50  23.10  -4.01  -3.36  -3.50  -3.51
 24.60  23.00  -4.21  -3.54  -3.69  -3.70
 24.70  22.90  -4.41  -3.73  -3.89  -3.89
 24.80  22.80  -4.62  -3.93  -4.09  -4.09
 24.90  22.70  -4.84  -4.13  -4.30  -4.30
 25.00  22.60  -5.06  -4.34  -4.51  -4.51
 
  19
  81
 22.20
  0.10
 35.02  35.55  35.10  35.63
 22.20  25.40  -6.08  -7.38  -7.10  -7.37
 22.30  25.30  -5.62  -6.98  -6.72  -6.97
 22.40  25.20  -5.19  -6.59  -6.35  -6.59
 22.50  25.10  -4.79  -6.22  -5.99  -6.22
 22.60  25.00  -4.40  -5.86  -5.65  -5.87
 22.70  24.90  -4.05  -5.52  -5.32  -5.53
 22.80  24.80  -3.71  -5.19  -5.00  -5.20
 22.90  24.70  -3.40  -4.87  -4.70  -4.88
 23.00  24.60  -3.11  -4.56  -4.40  -4.58
 23.10  24.50  -2.83  -4.27  -4.12  -4.29
 23.20  24.40  -2.58  -3.99  -3.85  -4.01
 23.30  24.30  -2.34  -3.72  -3.59  -3.74
 23.40  24.20  -2.12  -3.46  -3.34  -3.48
 23.50  24.10  -1.91  -3.21  -3.10  -3.24
 23.60  24.00  -1.72  -2.98  -2.87  -3.00
 23.70  23.90  -1.55  -2.75  -2.66  -2.78
 23.80  23.80  -1.38  -2.53  -2.45  -2.56
 23.90  23.70  -1.23  -2.33  -2.25  -2.35
 24.00  23.60  -1.09  -2.13  -2.06  -2.16
 24.10  23.50  -0.96  -1.95  -1.88  -1.97
 24.20  23.40  -0.84  -1.77  -1.71  -1.80
 24.30  23.30  -0.73  -1.60  -1.55  -1.63
 24.40  23.20  -0.64  -1.45  -1.40  -1.47
 24.50  23.10  -0.55  -1.30  -1.25  -1.32
 24.60  23.00  -0.46  -1.16  -1.11  -1.18
 24.70  22.90  -0.39  -1.02  -0.99  -1.05
 24.80  22.80  -0.32  -0.90  -0.87  -0.92
 24.90  22.70  -0.27  -0.79  -0.76  -0.81
 25.00  22.60  -0.21  -0.68  -0.65  -0.70
 25.10  22.50  -0.17  -0.58  -0.56  -0.60
 25.20  22.40  -0.13  -0.49  -0.47  -0.51
 25.30  22.30  -0.09  -0.41  -0.39  -0.42
 25.40  22.20  -0.06  -0.34  -0.32  -0.35
 25.50  22.10  -0.04  -0.27  -0.26  -0.28
 25.60  22.00  -0.02  -0.21  -0.20  -0.22
 25.70  21.90  -0.01  -0.16  -0.15  -0.17
 25.80  21.80  -0.00  -0.12  -0.11  -0.12
 25.90  21.70  -0.00  -0.08  -0.08  -0.09
 26.00  21.60  -0.00  -0.05  -0.05  -0.06
 26.10  21.50  -0.01  -0.03  -0.03  -0.04
 26.20  21.40  -0.02  -0.02  -0.02  -0.02
 26.30  21.30  -0.04  -0.01  -0.02  -0.01
 26.40  21.20  -0.06  -0.02  -0.02  -0.02
 26.50  21.10  -0.09  -0.03  -0.03  -0.03
 26.60  21.00  -0.13  -0.05  -0.05  -0.04
 26.70  20.90  -0.17  -0.07  -0.08  -0.07
 26.80  20.80  -0.21  -0.11  -0.12  -0.10
 26.90  20.70  -0.27  -0.15  -0.16  -0.14
 27.00  20.60  -0.32  -0.20  -0.21  -0.19
 27.10  20.50  -0.39  -0.26  -0.27  -0.25
 27.20  20.40  -0.46  -0.32  -0.34  -0.31
 27.30  20.30  -0.55  -0.40  -0.41  -0.38
 27.40  20.20  -0.64  -0.48  -0.50  -0.47
 27.50  20.10  -0.74  -0.57  -0.59  -0.56
 27.60  20.00  -0.84  -0.67  -0.69  -0.66
 27.70  19.90  -0.96  -0.78  -0.80  -0.77
 27.80  19.80  -1.09  -0.90  -0.92  -0.88
 27.90  19.70  -1.23  -1.03  -1.05  -1.01
 28.00  19.60  -1.38  -1.17  -1.19  -1.15
 28.10  19.50  -1.55  -1.32  -1.34  -1.29
 28.20  19.40  -1.72  -1.47  -1.49  -1.45
 28.30  19.30  -1.91  -1.64  -1.66  -1.62
 28.40  19.20  -2.12  -1.82  -1.84  -1.79
 28.50  19.10  -2.34  -2.01  -2.03  -1.98
 28.60  19.00  -2.58  -2.21  -2.22  -2.18
 28.70  18.90  -2.84  -2.42  -2.43  -2.39
 28.80  18.80  -3.11  -2.64  -2.65  -2.61
 28.90  18.70  -3.40  -2.87  -2.89  -2.84
 29.00  18.60  -3.72  -3.12  -3.13  -3.09
 29.10  18.50  -4.05  -3.38  -3.39  -3.34
 29.20  18.40  -4.41  -3.65  -3.65  -3.61
 29.30  18.30  -4.79  -3.93  -3.93  -3.90
 29.40  18.20  -5.19  -4.23  -4.23  -4.19
 29.50  18.10  -5.62  -4.54  -4.54  -4.50
 29.60  18.00  -6.08  -4.86  -4.86  -4.82
 29.70  17.90  -6.57  -5.20  -5.19  -5.16
 29.80  17.80  -7.08  -5.55  -5.54  -5.51
 29.90  17.70  -7.63  -5.92  -5.90  -5.88
 30.00  17.60  -8.21  -6.30  -6.28  -6.26
 30.10  17.50  -8.82  -6.70  -6.67  -6.66
 30.20  17.40  -9.46  -7.12  -7.08  -7.07
 
  20
  73
 27.10
  0.10
 35.20  35.76  35.31  35.88
 27.10  20.50  -5.35  -6.59  -6.41  -6.59
 27.20  20.40  -4.91  -6.19  -6.02  -6.19
 27.30  20.30  -4.50  -5.80  -5.65  -5.81
 27.40  20.20  -4.12  -5.44  -5.29  -5.44
 27.50  20.10  -3.76  -5.08  -4.95  -5.09
 27.60  20.00  -3.43  -4.74  -4.62  -4.75
 27.70  19.90  -3.12  -4.42  -4.31  -4.43
 27.80  19.80  -2.83  -4.11  -4.01  -4.12
 27.90  19.70  -2.56  -3.82  -3.72  -3.83
 28.00  19.60  -2.31  -3.53  -3.44  -3.55
 28.10  19.50  -2.08  -3.27  -3.18  -3.28
 28.20  19.40  -1.87  -3.01  -2.93  -3.02
 28.30  19.30  -1.67  -2.77  -2.69  -2.78
 28.40  19.20  -1.48  -2.53  -2.47  -2.55
 28.50  19.10  -1.31  -2.31  -2.25  -2.33
 28.60  19.00  -1.16  -2.10  -2.05  -2.12
 28.70  18.90  -1.02  -1.91  -1.85  -1.92
 28.80  18.80  -0.89  -1.72  -1.67  -1.74
 28.90  18.70  -0.77  -1.54  -1.50  -1.56
 29.00  18.60  -0.66  -1.38  -1.34  -1.40
 29.10  18.50  -0.56  -1.22  -1.19  -1.24
 29.20  18.40  -0.47  -1.08  -1.05  -1.10
 29.30  18.30  -0.39  -0.94  -0.91  -0.96
 29.40  18.20  -0.32  -0.82  -0.79  -0.83
 29.50  18.10  -0.26  -0.70  -0.68  -0.72
 29.60  18.00  -0.20  -0.60  -0.58  -0.61
 29.70  17.90  -0.16  -0.50  -0.48  -0.51
 29.80  17.80  -0.11  -0.41  -0.40  -0.43
 29.90  17.70  -0.08  -0.33  -0.32  -0.35
 30.00  17.60  -0.05  -0.26  -0.25  -0.27
 30.10  17.50  -0.03  -0.20  -0.19  -0.21
 30.20  17.40  -0.01  -0.15  -0.14  -0.16
 30.30  17.30  -0.00  -0.10  -0.10  -0.12
 30.40  17.20  -0.00  -0.07  -0.07  -0.08
 30.50  17.10  -0.00  -0.04  -0.04  -0.05
 30.60  17.00  -0.01  -0.02  -0.03  -0.04
 30.70  16.90  -0.02  -0.02  -0.02  -0.03
 30.80  16.80  -0.04  -0.01  -0.02  -0.02
 30.90  16.70  -0.07  -0.02  -0.03  -0.03
 31.00  16.60  -0.10  -0.04  -0.05  -0.05
 31.10  16.50  -0.14  -0.06  -0.07  -0.07
 31.20  16.40  -0.19  -0.10  -0.11  -0.11
 31.30  16.30  -0.24  -0.14  -0.15  -0.15
 31.40  16.20  -0.30  -0.19  -0.20  -0.20
 31.50  16.10  -0.37  -0.25  -0.27  -0.26
 31.60  16.00  -0.44  -0.32  -0.34  -0.33
 31.70  15.90  -0.53  -0.40  -0.42  -0.41
 31.80  15.80  -0.62  -0.49  -0.51  -0.49
 31.90  15.70  -0.73  -0.59  -0.61  -0.59
 32.00  15.60  -0.84  -0.70  -0.71  -0.70
 32.10  15.50  -0.97  -0.81  -0.83  -0.82
 32.20  15.40  -1.11  -0.94  -0.96  -0.94
 32.30  15.30  -1.26  -1.08  -1.10  -1.08
 32.40  15.20  -1.42  -1.23  -1.25  -1.23
 32.50  15.10  -1.60  -1.39  -1.40  -1.38
 32.60  15.00  -1.79  -1.56  -1.57  -1.55
 32.70  14.90  -2.00  -1.74  -1.75  -1.73
 32.80  14.80  -2.23  -1.93  -1.95  -1.92
 32.90  14.70  -2.47  -2.13  -2.15  -2.13
 33.00  14.60  -2.73  -2.35  -2.36  -2.34
 33.10  14.50  -3.02  -2.58  -2.59  -2.57
 33.20  14.40  -3.32  -2.82  -2.83  -2.81
 33.30  14.30  -3.64  -3.07  -3.08  -3.06
 33.40  14.20  -3.99  -3.34  -3.35  -3.32
 33.50  14.10  -4.37  -3.62  -3.63  -3.60
 33.60  14.00  -4.77  -3.92  -3.92  -3.89
 33.70  13.90  -5.19  -4.22  -4.22  -4.20
 33.80  13.80  -5.65  -4.55  -4.54  -4.52
 33.90  13.70  -6.13  -4.89  -4.88  -4.86
 34.00  13.60  -6.65  -5.24  -5.23  -5.21
 34.10  13.50  -7.19  -5.61  -5.60  -5.58
 34.20  13.40  -7.78  -6.00  -5.98  -5.96
 34.30  13.30  -8.40  -6.41  -6.38  -6.36
 
  21
  67
 30.50
  0.10
 35.89  36.31  35.89  36.31
 30.50  17.10  -6.43  -6.50  -6.48  -6.58
 30.60  17.00  -5.85  -6.06  -6.04  -6.13
 30.70  16.90  -5.32  -5.64  -5.62  -5.71
 30.80  16.80  -4.82  -5.25  -5.23  -5.31
 30.90  16.70  -4.36  -4.87  -4.85  -4.93
 31.00  16.60  -3.93  -4.51  -4.49  -4.57
 31.10  16.50  -3.54  -4.17  -4.15  -4.22
 31.20  16.40  -3.18  -3.84  -3.82  -3.89
 31.30  16.30  -2.85  -3.53  -3.51  -3.58
 31.40  16.20  -2.54  -3.24  -3.22  -3.28
 31.50  16.10  -2.26  -2.96  -2.94  -3.00
 31.60  16.00  -2.00  -2.70  -2.68  -2.73
 31.70  15.90  -1.77  -2.45  -2.43  -2.48
 31.80  15.80  -1.55  -2.22  -2.20  -2.25
 31.90  15.70  -1.36  -1.99  -1.98  -2.02
 32.00  15.60  -1.18  -1.79  -1.77  -1.81
 32.10  15.50  -1.02  -1.59  -1.58  -1.62
 32.20  15.40  -0.88  -1.41  -1.40  -1.43
 32.30  15.30  -0.75  -1.24  -1.23  -1.26
 32.40  15.20  -0.63  -1.09  -1.07  -1.10
 32.50  15.10  -0.53  -0.94  -0.92  -0.95
 32.60  15.00  -0.44  -0.81  -0.79  -0.82
 32.70  14.90  -0.36  -0.68  -0.67  -0.69
 32.80  14.80  -0.28  -0.57  -0.56  -0.58
 32.90  14.70  -0.22  -0.47  -0.46  -0.48
 33.00  14.60  -0.17  -0.38  -0.37  -0.39
 33.10  14.50  -0.12  -0.30  -0.29  -0.30
 33.20  14.40  -0.08  -0.23  -0.22  -0.23
 33.30  14.30  -0.05  -0.17  -0.16  -0.17
 33.40  14.20  -0.03  -0.12  -0.11  -0.12
 33.50  14.10  -0.01  -0.08  -0.07  -0.08
 33.60  14.00  -0.00  -0.05  -0.04  -0.05
 33.70  13.90  -0.00  -0.04  -0.02  -0.03
 33.80  13.80  -0.00  -0.03  -0.02  -0.02
 33.90  13.70  -0.01  -0.03  -0.02  -0.02
 34.00  13.60  -0.03  -0.04  -0.03  -0.03
 34.10  13.50  -0.05  -0.06  -0.05  -0.05
 34.20  13.40  -0.08  -0.09  -0.08  -0.08
 34.30  13.30  -0.11  -0.13  -0.12  -0.12
 34.40  13.20  -0.16  -0.18  -0.17  -0.17
 34.50  13.10  -0.21  -0.25  -0.24  -0.23
 34.60  13.00  -0.27  -0.32  -0.31  -0.30
 34.70  12.90  -0.34  -0.40  -0.39  -0.38
 34.80  12.80  -0.42  -0.50  -0.48  -0.48
 34.90  12.70  -0.51  -0.60  -0.59  -0.58
 35.00  12.60  -0.61  -0.72  -0.71  -0.70
 35.10  12.50  -0.72  -0.85  -0.83  -0.82
 35.20  12.40  -0.85  -0.99  -0.97  -0.96
 35.30  12.30  -0.99  -1.14  -1.13  -1.11
 35.40  12.20  -1.15  -1.31  -1.29  -1.28
 35.50  12.10  -1.32  -1.49  -1.47  -1.45
 35.60  12.00  -1.51  -1.68  -1.66  -1.64
 35.70  11.90  -1.72  -1.89  -1.86  -1.85
 35.80  11.80  -1.95  -2.11  -2.08  -2.07
 35.90  11.70  -2.20  -2.34  -2.31  -2.30
 36.00  11.60  -2.48  -2.59  -2.56  -2.55
 36.10  11.50  -2.78  -2.85  -2.82  -2.81
 36.20  11.40  -3.10  -3.13  -3.09  -3.09
 36.30  11.30  -3.46  -3.43  -3.39  -3.38
 36.40  11.20  -3.85  -3.74  -3.70  -3.69
 36.50  11.10  -4.26  -4.08  -4.02  -4.02
 36.60  11.00  -4.71  -4.42  -4.37  -4.37
 36.70  10.90  -5.20  -4.79  -4.73  -4.73
 36.80  10.80  -5.73  -5.18  -5.11  -5.12
 36.90  10.70  -6.30  -5.59  -5.51  -5.52
 37.00  10.60  -6.90  -6.01  -5.94  -5.95
 37.10  10.50  -7.56  -6.46  -6.38  -6.39
 
  22
  63
 33.10
  0.10
 36.04  36.27  36.14  36.37
 33.10  14.50  -4.67  -5.82  -5.74  -5.82
 33.20  14.40  -4.24  -5.41  -5.33  -5.41
 33.30  14.30  -3.84  -5.02  -4.95  -5.02
 33.40  14.20  -3.46  -4.65  -4.58  -4.65
 33.50  14.10  -3.12  -4.29  -4.23  -4.30
 33.60  14.00  -2.80  -3.96  -3.90  -3.96
 33.70  13.90  -2.51  -3.64  -3.58  -3.65
 33.80  13.80  -2.24  -3.34  -3.28  -3.34
 33.90  13.70  -2.00  -3.05  -3.00  -3.06
 34.00  13.60  -1.77  -2.78  -2.73  -2.79
 34.10  13.50  -1.56  -2.52  -2.48  -2.53
 34.20  13.40  -1.37  -2.28  -2.24  -2.29
 34.30  13.30  -1.20  -2.05  -2.01  -2.06
 34.40  13.20  -1.04  -1.84  -1.80  -1.85
 34.50  13.10  -0.90  -1.64  -1.60  -1.64
 34.60  13.00  -0.77  -1.45  -1.41  -1.46
 34.70  12.90  -0.66  -1.28  -1.24  -1.28
 34.80  12.80  -0.55  -1.12  -1.08  -1.12
 34.90  12.70  -0.46  -0.97  -0.93  -0.97
 35.00  12.60  -0.38  -0.83  -0.80  -0.83
 35.10  12.50  -0.30  -0.70  -0.67  -0.70
 35.20  12.40  -0.24  -0.58  -0.56  -0.58
 35.30  12.30  -0.19  -0.48  -0.45  -0.48
 35.40  12.20  -0.14  -0.39  -0.36  -0.38
 35.50  12.10  -0.10  -0.30  -0.28  -0.30
 35.60  12.00  -0.07  -0.23  -0.21  -0.23
 35.70  11.90  -0.04  -0.17  -0.15  -0.17
 35.80  11.80  -0.02  -0.12  -0.10  -0.11
 35.90  11.70  -0.01  -0.08  -0.06  -0.07
 36.00  11.60  -0.00  -0.05  -0.03  -0.04
 36.10  11.50  -0.00  -0.03  -0.01  -0.02
 36.20  11.40  -0.01  -0.02  -0.01  -0.01
 36.30  11.30  -0.02  -0.02  -0.01  -0.01
 36.40  11.20  -0.04  -0.03  -0.02  -0.02
 36.50  11.10  -0.06  -0.05  -0.04  -0.04
 36.60  11.00  -0.09  -0.08  -0.08  -0.07
 36.70  10.90  -0.13  -0.12  -0.12  -0.11
 36.80  10.80  -0.18  -0.18  -0.18  -0.17
 36.90  10.70  -0.23  -0.24  -0.24  -0.23
 37.00  10.60  -0.30  -0.31  -0.32  -0.30
 37.10  10.50  -0.37  -0.40  -0.40  -0.39
 37.20  10.40  -0.45  -0.49  -0.50  -0.48
 37.30  10.30  -0.54  -0.60  -0.61  -0.59
 37.40  10.20  -0.64  -0.72  -0.73  -0.71
 37.50  10.10  -0.76  -0.85  -0.86  -0.84
 37.60  10.00  -0.88  -0.99  -1.01  -0.99
 37.70   9.90  -1.02  -1.15  -1.17  -1.14
 37.80   9.80  -1.18  -1.32  -1.34  -1.31
 37.90   9.70  -1.35  -1.50  -1.52  -1.49
 38.00   9.60  -1.53  -1.70  -1.71  -1.69
 38.10   9.50  -1.74  -1.90  -1.92  -1.90
 38.20   9.40  -1.96  -2.13  -2.15  -2.12
 38.30   9.30  -2.21  -2.37  -2.39  -2.36
 38.40   9.20  -2.47  -2.62  -2.64  -2.62
 38.50   9.10  -2.76  -2.89  -2.91  -2.88
 38.60   9.00  -3.08  -3.17  -3.19  -3.17
 38.70   8.90  -3.42  -3.47  -3.49  -3.47
 38.80   8.80  -3.78  -3.79  -3.81  -3.79
 38.90   8.70  -4.18  -4.13  -4.14  -4.13
 39.00   8.60  -4.61  -4.48  -4.49  -4.48
 39.10   8.50  -5.07  -4.86  -4.86  -4.85
 39.20   8.40  -5.57  -5.25  -5.25  -5.24
 39.30   8.30  -6.10  -5.66  -5.66  -5.66
 